VehicleName	TimeStamp	POS_X	POS_Y	POS_Z	Q_W	Q_X	Q_Y	Q_Z	ImageFile
PX4_2	1773041109441	0	0	0.573961	3.57628e-07	0	0	-1	img_PX4_2__0_1773041110243737700.png
PX4_3	1773041109528	0	0	0.573961	0.707107	0	0	-0.707107	img_PX4_3__0_1773041110333629000.png
PX4_4	1773041109609	0	0	0.573961	0.707107	0	0	0.707107	img_PX4_4__0_1773041110414291600.png
PX4_1	1773041109681	0	0	0.573961	1	0	0	0	img_PX4_1__0_1773041110488195900.png
PX4_2	1773041109765	0	0	0.573961	3.57628e-07	0	0	-1	img_PX4_2__0_1773041110571577100.png
PX4_3	1773041109855	0	0	0.573961	0.707107	0	0	-0.707107	img_PX4_3__0_1773041110661386200.png
PX4_4	1773041109936	0	0	0.573961	0.707107	0	0	0.707107	img_PX4_4__0_1773041110744466400.png
PX4_1	1773041110008	0	0	0.573961	1	0	0	0	img_PX4_1__0_1773041110816880300.png
PX4_2	1773041110095	0	0	0.573961	3.57628e-07	0	0	-1	img_PX4_2__0_1773041110902651000.png
PX4_3	1773041110182	0	0	0.573961	0.707107	0	0	-0.707107	img_PX4_3__0_1773041110992387600.png
PX4_4	1773041110272	0	0	0.573961	0.707107	0	0	0.707107	img_PX4_4__0_1773041111083585800.png
PX4_1	1773041110359	0	0	0.573961	1	0	0	0	img_PX4_1__0_1773041111169910400.png
PX4_2	1773041110443	0	0	0.573961	3.57628e-07	0	0	-1	img_PX4_2__0_1773041111257677400.png
PX4_3	1773041110527	0	0	0.573961	0.707107	0	0	-0.707107	img_PX4_3__0_1773041111339014400.png
PX4_4	1773041110623	0	0	0.573961	0.707107	0	0	0.707107	img_PX4_4__0_1773041111437849000.png
PX4_1	1773041110707	0	0	0.573961	1	0	0	0	img_PX4_1__0_1773041111522462700.png
PX4_2	1773041110809	0	0	0.573961	3.57628e-07	0	0	-1	img_PX4_2__0_1773041111624290300.png
PX4_3	1773041110899	0	0	0.573961	0.707107	0	0	-0.707107	img_PX4_3__0_1773041111717164500.png
PX4_4	1773041110968	0	0	0.573961	0.707107	0	0	0.707107	img_PX4_4__0_1773041111785099200.png
PX4_1	1773041111019	0	0	0.573961	1	0	0	0	img_PX4_1__0_1773041111839239100.png
PX4_2	1773041111115	0	0	0.573961	3.57628e-07	0	0	-1	img_PX4_2__0_1773041111936468600.png
PX4_3	1773041111205	0	0	0.573961	0.707107	0	0	-0.707107	img_PX4_3__0_1773041112027187000.png
PX4_4	1773041111298	0	0	0.573961	0.707107	0	0	0.707107	img_PX4_4__0_1773041112123520700.png
PX4_1	1773041111391	0	0	0.573961	1	0	0	0	img_PX4_1__0_1773041112221503900.png
PX4_2	1773041111502	0	0	0.573961	3.57628e-07	0	0	-1	img_PX4_2__0_1773041112333778400.png
PX4_3	1773041111610	0	0	0.573961	0.707107	0	0	-0.707107	img_PX4_3__0_1773041112441749500.png
PX4_4	1773041111688	0	0	0.573961	0.707107	0	0	0.707107	img_PX4_4__0_1773041112522872100.png
PX4_1	1773041111751	0	0	0.573961	1	0	0	0	img_PX4_1__0_1773041112584813300.png
PX4_2	1773041111814	0	0	0.573961	3.57628e-07	0	0	-1	img_PX4_2__0_1773041112646715600.png
PX4_3	1773041111898	0	0	0.573961	0.707107	0	0	-0.707107	img_PX4_3__0_1773041112733249500.png
PX4_4	1773041111988	0	0	0.573961	0.707107	0	0	0.707107	img_PX4_4__0_1773041112825914300.png
PX4_1	1773041112072	0	0	0.573961	1	0	0	0	img_PX4_1__0_1773041112910995900.png
PX4_2	1773041112171	0	0	0.573961	3.57628e-07	0	0	-1	img_PX4_2__0_1773041113009385800.png
PX4_3	1773041112255	0	0	0.573961	0.707107	0	0	-0.707107	img_PX4_3__0_1773041113097610000.png
PX4_4	1773041112354	0	0	0.573961	0.707107	0	0	0.707107	img_PX4_4__0_1773041113198800500.png
PX4_1	1773041112414	0	0	0.573961	1	0	0	0	img_PX4_1__0_1773041113258657800.png
PX4_2	1773041112480	0	0	0.573961	3.57628e-07	0	0	-1	img_PX4_2__0_1773041113326167100.png
PX4_3	1773041112585	0	0	0.573961	0.707107	0	0	-0.707107	img_PX4_3__0_1773041113433081400.png
PX4_4	1773041112678	0	0	0.573961	0.707107	0	0	0.707107	img_PX4_4__0_1773041113529281000.png
PX4_1	1773041112756	0	0	0.573961	1	0	0	0	img_PX4_1__0_1773041113606886300.png
PX4_2	1773041112855	0	0	0.573961	3.57628e-07	0	0	-1	img_PX4_2__0_1773041113706764700.png
PX4_3	1773041112948	0	0	0.573961	0.707107	0	0	-0.707107	img_PX4_3__0_1773041113801496200.png
PX4_4	1773041113035	0	0	0.573961	0.707107	0	0	0.707107	img_PX4_4__0_1773041113891221900.png
PX4_1	1773041113113	0	0	0.573961	1	0	0	0	img_PX4_1__0_1773041113967542900.png
PX4_2	1773041113179	0	0	0.573961	3.57628e-07	0	0	-1	img_PX4_2__0_1773041114035327100.png
PX4_3	1773041113242	0	0	0.573961	0.707107	0	0	-0.707107	img_PX4_3__0_1773041114098576500.png
PX4_4	1773041113338	0	0	0.573961	0.707107	0	0	0.707107	img_PX4_4__0_1773041114198500400.png
PX4_1	1773041113425	0	0	0.573961	1	0	0	0	img_PX4_1__0_1773041114288598300.png
PX4_2	1773041113521	0	0	0.573961	3.57628e-07	0	0	-1	img_PX4_2__0_1773041114384063000.png
PX4_3	1773041113617	0	0	0.573961	0.707107	0	0	-0.707107	img_PX4_3__0_1773041114480896800.png
PX4_4	1773041113707	0	0	0.573961	0.707107	0	0	0.707107	img_PX4_4__0_1773041114573408300.png
PX4_1	1773041113794	0	0	0.573961	1	0	0	0	img_PX4_1__0_1773041114660099300.png
PX4_2	1773041113893	0	0	0.573961	3.57628e-07	0	0	-1	img_PX4_2__0_1773041114760749000.png
PX4_3	1773041113995	0	0	0.573961	0.707107	0	0	-0.707107	img_PX4_3__0_1773041114863062000.png
PX4_4	1773041114085	0	0	0.573961	0.707107	0	0	0.707107	img_PX4_4__0_1773041114954474400.png
PX4_1	1773041114166	0	0	0.573961	1	0	0	0	img_PX4_1__0_1773041115034068300.png
PX4_2	1773041114277	0	0	0.573961	3.57628e-07	0	0	-1	img_PX4_2__0_1773041115150962200.png
PX4_3	1773041114379	0	0	0.573961	0.707107	0	0	-0.707107	img_PX4_3__0_1773041115255136300.png
PX4_4	1773041114481	0	0	0.573961	0.707107	0	0	0.707107	img_PX4_4__0_1773041115362688600.png
PX4_1	1773041114595	0	0	0.573961	1	0	0	0	img_PX4_1__0_1773041115476796400.png
PX4_2	1773041114703	0	0	0.573961	3.57628e-07	0	0	-1	img_PX4_2__0_1773041115585204300.png
PX4_3	1773041114838	0	0	0.573961	0.707107	0	0	-0.707107	img_PX4_3__0_1773041115720969700.png
PX4_4	1773041114949	0	0	0.573961	0.707107	0	0	0.707107	img_PX4_4__0_1773041115840908100.png
PX4_1	1773041115042	0	0	0.573961	1	0	0	0	img_PX4_1__0_1773041115935781700.png
PX4_2	1773041115138	0	0	0.573961	3.57628e-07	0	0	-1	img_PX4_2__0_1773041116035525300.png
PX4_3	1773041115255	0	0	0.573961	0.707107	0	0	-0.707107	img_PX4_3__0_1773041116153924300.png
PX4_4	1773041115363	0	0	0.573961	0.707107	0	0	0.707107	img_PX4_4__0_1773041116267334400.png
PX4_1	1773041115444	0	0	0.573961	1	0	0	0	img_PX4_1__0_1773041116351989500.png
PX4_2	1773041115543	0	0	0.573961	3.57628e-07	0	0	-1	img_PX4_2__0_1773041116454052000.png
PX4_3	1773041115642	0	0	0.573961	0.707107	0	0	-0.707107	img_PX4_3__0_1773041116553661700.png
PX4_4	1773041115744	0	0	0.573961	0.707107	0	0	0.707107	img_PX4_4__0_1773041116660885900.png
PX4_1	1773041115843	0	0	0.573961	1	0	0	0	img_PX4_1__0_1773041116761480000.png
PX4_2	1773041115942	0	0	0.573961	3.57628e-07	0	0	-1	img_PX4_2__0_1773041116862812300.png
PX4_3	1773041116038	0	0	0.573961	0.707107	0	0	-0.707107	img_PX4_3__0_1773041116959553900.png
PX4_4	1773041116143	0	0	0.573961	0.707107	0	0	0.707107	img_PX4_4__0_1773041117066550100.png
PX4_1	1773041116248	0	0	0.573961	1	0	0	0	img_PX4_1__0_1773041117176728200.png
PX4_2	1773041116338	0	0	0.573961	3.57628e-07	0	0	-1	img_PX4_2__0_1773041117266436900.png
PX4_3	1773041116401	0	0	0.573961	0.707107	0	0	-0.707107	img_PX4_3__0_1773041117332177000.png
PX4_4	1773041116494	0	0	0.573961	0.707107	0	0	0.707107	img_PX4_4__0_1773041117430508700.png
PX4_1	1773041116587	0	0	0.573961	1	0	0	0	img_PX4_1__0_1773041117526153700.png
PX4_2	1773041116689	0	0	0.573961	3.57628e-07	0	0	-1	img_PX4_2__0_1773041117630510000.png
PX4_3	1773041116761	0	0	0.573961	0.707107	0	0	-0.707107	img_PX4_3__0_1773041117703074800.png
PX4_4	1773041116815	0	0	0.573961	0.707107	0	0	0.707107	img_PX4_4__0_1773041117758197200.png
PX4_1	1773041116905	0	0	0.573961	1	0	0	0	img_PX4_1__0_1773041117850367300.png
PX4_2	1773041117001	0	0	0.573961	3.57628e-07	0	0	-1	img_PX4_2__0_1773041117951949700.png
PX4_3	1773041117103	0	0	0.573961	0.707107	0	0	-0.707107	img_PX4_3__0_1773041118053669200.png
PX4_4	1773041117196	0	0	0.573961	0.707107	0	0	0.707107	img_PX4_4__0_1773041118149311500.png
PX4_1	1773041117295	0	0	0.573961	1	0	0	0	img_PX4_1__0_1773041118250883300.png
PX4_2	1773041117397	0	0	0.573961	3.57628e-07	0	0	-1	img_PX4_2__0_1773041118355293800.png
PX4_3	1773041117493	0	0	0.573961	0.707107	0	0	-0.707107	img_PX4_3__0_1773041118454878200.png
PX4_4	1773041117592	0	0	0.573961	0.707107	0	0	0.707107	img_PX4_4__0_1773041118554093200.png
PX4_1	1773041117679	0	0	0.573961	1	0	0	0	img_PX4_1__0_1773041118644409600.png
PX4_2	1773041117787	0	0	0.573961	3.57628e-07	0	0	-1	img_PX4_2__0_1773041118752909900.png
PX4_3	1773041117877	0	0	0.573961	0.707107	0	0	-0.707107	img_PX4_3__0_1773041118845271000.png
PX4_4	1773041117973	0	0	0.573961	0.707107	0	0	0.707107	img_PX4_4__0_1773041118944625900.png
PX4_1	1773041118066	0	0	0.573961	1	0	0	0	img_PX4_1__0_1773041119039441900.png
PX4_2	1773041118174	0	0	0.573961	3.57628e-07	0	0	-1	img_PX4_2__0_1773041119150635900.png
PX4_3	1773041118279	0	0	0.573961	0.707107	0	0	-0.707107	img_PX4_3__0_1773041119256975200.png
PX4_4	1773041118378	0	0	0.573961	0.707107	0	0	0.707107	img_PX4_4__0_1773041119363216800.png
PX4_1	1773041118471	0	0	0.573961	1	0	0	0	img_PX4_1__0_1773041119455918800.png
PX4_2	1773041118573	0	0	0.573961	3.57628e-07	0	0	-1	img_PX4_2__0_1773041119560231400.png
PX4_3	1773041118636	0	0	0.573961	0.707107	0	0	-0.707107	img_PX4_3__0_1773041119621283300.png
PX4_4	1773041118726	0	0	0.573961	0.707107	0	0	0.707107	img_PX4_4__0_1773041119715223800.png
PX4_1	1773041118807	0	0	0.573961	1	0	0	0	img_PX4_1__0_1773041119798719200.png
PX4_2	1773041118909	0	0	0.573961	3.57628e-07	0	0	-1	img_PX4_2__0_1773041119900352300.png
PX4_3	1773041118996	0	0	0.573961	0.707107	0	0	-0.707107	img_PX4_3__0_1773041119989310300.png
PX4_4	1773041119092	0	0	0.573961	0.707107	0	0	0.707107	img_PX4_4__0_1773041120087039500.png
PX4_1	1773041119185	0	0	0.573961	1	0	0	0	img_PX4_1__0_1773041120183178900.png
PX4_2	1773041119296	0	0	0.573961	3.57628e-07	0	0	-1	img_PX4_2__0_1773041120294186700.png
PX4_3	1773041119386	0	0	0.573961	0.707107	0	0	-0.707107	img_PX4_3__0_1773041120387944300.png
PX4_4	1773041119482	0	0	0.573961	0.707107	0	0	0.707107	img_PX4_4__0_1773041120484945800.png
PX4_1	1773041119572	0	0	0.573961	1	0	0	0	img_PX4_1__0_1773041120576038000.png
PX4_2	1773041119665	0	0	0.573961	3.57628e-07	0	0	-1	img_PX4_2__0_1773041120672035200.png
PX4_3	1773041119746	0	0	0.573961	0.707107	0	0	-0.707107	img_PX4_3__0_1773041120756398500.png
PX4_4	1773041119845	0	0	0.573961	0.707107	0	0	0.707107	img_PX4_4__0_1773041120856306800.png
PX4_1	1773041119929	-0.000399103	-0.00040817	0.571828	0.999982	-0.00430858	0.00407217	1.23886e-05	img_PX4_1__0_1773041120940688000.png
PX4_2	1773041120034	0	0	0.573961	3.57628e-07	0	0	-1	img_PX4_2__0_1773041121045906400.png
PX4_3	1773041120133	0	0	0.573961	0.707107	0	0	-0.707107	img_PX4_3__0_1773041121148179400.png
PX4_4	1773041120241	0	0	0.573961	0.707107	0	0	0.707107	img_PX4_4__0_1773041121259324300.png
PX4_1	1773041120334	-0.00925153	-0.00958015	0.51079	1	-0.000221638	0.00064162	3.76877e-05	img_PX4_1__0_1773041121352697500.png
PX4_2	1773041120439	0	0	0.573961	3.57628e-07	0	0	-1	img_PX4_2__0_1773041121465264100.png
PX4_3	1773041120547	0	0	0.573961	0.707107	0	0	-0.707107	img_PX4_3__0_1773041121578913900.png
PX4_4	1773041120655	0	0	0.573961	0.707107	0	0	0.707107	img_PX4_4__0_1773041121689631100.png
PX4_1	1773041120745	-0.0221713	-0.0219165	0.307632	1	0.000726413	-0.000568375	8.14751e-05	img_PX4_1__0_1773041121783284200.png
PX4_2	1773041120859	0	0	0.573961	3.57628e-07	0	0	-1	img_PX4_2__0_1773041121894532000.png
PX4_3	1773041120961	0	0	0.573961	0.707107	0	0	-0.707107	img_PX4_3__0_1773041122000148700.png
PX4_4	1773041121066	0	0	0.573961	0.707107	0	0	0.707107	img_PX4_4__0_1773041122106631800.png
PX4_1	1773041121162	-0.0331425	-0.0317843	-0.0365584	0.999999	0.00109925	-0.00125045	0.000120569	img_PX4_1__0_1773041122208657000.png
PX4_2	1773041121279	0	0	0.573961	3.57628e-07	0	0	-1	img_PX4_2__0_1773041122325599900.png
PX4_3	1773041121378	0	0	0.573961	0.707107	0	0	-0.707107	img_PX4_3__0_1773041122428756700.png
PX4_4	1773041121486	0	0	0.573961	0.707107	0	0	0.707107	img_PX4_4__0_1773041122541604900.png
PX4_1	1773041121582	-0.0394426	-0.0378829	-0.509421	0.999998	0.00111397	-0.00192807	0.000182264	img_PX4_1__0_1773041122638457500.png
PX4_2	1773041121687	0	0	0.573961	3.57628e-07	0	0	-1	img_PX4_2__0_1773041122747464600.png
PX4_3	1773041121792	0	0	0.573961	0.707107	0	0	-0.707107	img_PX4_3__0_1773041122851719800.png
PX4_4	1773041121888	0	0	0.573961	0.707107	0	0	0.707107	img_PX4_4__0_1773041122951537100.png
PX4_1	1773041121948	-0.0395833	-0.0398063	-0.999965	0.999998	0.001175	-0.0015926	0.000207356	img_PX4_1__0_1773041123010249100.png
PX4_2	1773041122050	0	0	0.573961	3.57628e-07	0	0	-1	img_PX4_2__0_1773041123115247900.png
PX4_3	1773041122134	0	0	0.573961	0.707107	0	0	-0.707107	img_PX4_3__0_1773041123201829000.png
PX4_4	1773041122230	0	0	0.573961	0.707107	0	0	0.707107	img_PX4_4__0_1773041123301316900.png
PX4_1	1773041122317	-0.0353207	-0.0386562	-1.51791	0.999999	0.000948586	-0.00136252	0.000203389	img_PX4_1__0_1773041123392988900.png
PX4_2	1773041122419	0	0	0.573961	3.57628e-07	0	0	-1	img_PX4_2__0_1773041123495062000.png
PX4_3	1773041122533	0	0	0.573961	0.707107	0	0	-0.707107	img_PX4_3__0_1773041123609149200.png
PX4_4	1773041122635	0	0	0.573961	0.707107	0	0	0.707107	img_PX4_4__0_1773041123716249100.png
PX4_1	1773041122725	-0.0265314	-0.0344665	-2.11045	1	0.000919252	-0.000172824	0.000253407	img_PX4_1__0_1773041123809141200.png
PX4_2	1773041122833	0	0	0.573961	3.57628e-07	0	0	-1	img_PX4_2__0_1773041123917042900.png
PX4_3	1773041122929	0	0	0.573961	0.707107	0	0	-0.707107	img_PX4_3__0_1773041124014479300.png
PX4_4	1773041123028	0	0	0.573961	0.707107	0	0	0.707107	img_PX4_4__0_1773041124120530000.png
PX4_1	1773041123124	-0.0169828	-0.0273801	-2.70258	0.999999	0.00105002	0.000333528	0.00025658	img_PX4_1__0_1773041124218717700.png
PX4_2	1773041123229	0	0	0.573961	3.57628e-07	0	0	-1	img_PX4_2__0_1773041124324442300.png
PX4_3	1773041123325	0	0	0.573961	0.707107	0	0	-0.707107	img_PX4_3__0_1773041124422477400.png
PX4_4	1773041123436	0	0	0.573961	0.707107	0	0	0.707107	img_PX4_4__0_1773041124532976800.png
PX4_1	1773041123526	-0.00858757	-0.017278	-3.30194	1	0.000554758	0.000582197	0.000266855	img_PX4_1__0_1773041124623165600.png
PX4_2	1773041123622	0	0	0.573961	3.57628e-07	0	0	-1	img_PX4_2__0_1773041124727494200.png
PX4_3	1773041123712	0	0	0.573961	0.707107	0	0	-0.707107	img_PX4_3__0_1773041124822056400.png
PX4_4	1773041123820	0	0	0.573961	0.707107	0	0	0.707107	img_PX4_4__0_1773041124928673500.png
PX4_1	1773041123919	-0.00220138	-0.00567896	-3.9007	0.999999	-0.000250601	0.000833205	0.000730704	img_PX4_1__0_1773041125029168900.png
PX4_2	1773041124030	0	0	0.573961	3.57628e-07	0	0	-1	img_PX4_2__0_1773041125144097200.png
PX4_3	1773041124139	0	0	0.573961	0.707107	0	0	-0.707107	img_PX4_3__0_1773041125255669900.png
PX4_4	1773041124253	0	0	0.573961	0.707107	0	0	0.707107	img_PX4_4__0_1773041125369483100.png
PX4_1	1773041124352	0.00206011	0.00633483	-4.55628	0.999999	-0.00046941	0.000541382	0.00161437	img_PX4_1__0_1773041125472980100.png
PX4_2	1773041124469	0	0	0.573961	3.57628e-07	0	0	-1	img_PX4_2__0_1773041125590820200.png
PX4_3	1773041124574	0	0	0.573961	0.707107	0	0	-0.707107	img_PX4_3__0_1773041125698185400.png
PX4_4	1773041124679	0	0	0.573961	0.707107	0	0	0.707107	img_PX4_4__0_1773041125803718500.png
PX4_1	1773041124781	0.00396582	0.016497	-5.20457	0.999997	-0.000937554	0.000760811	0.00212242	img_PX4_1__0_1773041125907897900.png
PX4_2	1773041124892	0	0	0.573961	3.57628e-07	0	0	-1	img_PX4_2__0_1773041126022663600.png
PX4_3	1773041125003	0	0	0.573961	0.707107	0	0	-0.707107	img_PX4_3__0_1773041126135730100.png
PX4_4	1773041125117	0	0	0.573961	0.707107	0	0	0.707107	img_PX4_4__0_1773041126251873400.png
PX4_1	1773041125213	0.00334349	0.023536	-5.86682	0.999996	-0.00128846	0.000443255	0.00250943	img_PX4_1__0_1773041126348779000.png
PX4_2	1773041125318	0	0	0.573961	3.57628e-07	0	0	-1	img_PX4_2__0_1773041126456432900.png
PX4_3	1773041125417	0	0	0.573961	0.707107	0	0	-0.707107	img_PX4_3__0_1773041126559281800.png
PX4_4	1773041125513	0	0	0.573961	0.707107	0	0	0.707107	img_PX4_4__0_1773041126657135400.png
PX4_1	1773041125609	0.00110138	0.0259231	-6.46912	0.999995	-0.00125833	0.00070853	0.0027973	img_PX4_1__0_1773041126752396700.png
PX4_2	1773041125717	0	0	0.573961	3.57628e-07	0	0	-1	img_PX4_2__0_1773041126861846300.png
PX4_3	1773041125819	0	0	0.573961	0.707107	0	0	-0.707107	img_PX4_3__0_1773041126966929200.png
PX4_4	1773041125921	0	0	0.573961	0.707107	0	0	0.707107	img_PX4_4__0_1773041127069830200.png
PX4_1	1773041126023	-0.00335469	0.0244351	-7.09806	0.999995	-0.000826125	0.000400538	0.00296918	img_PX4_1__0_1773041127174430100.png
PX4_2	1773041126128	0	0	0.573961	3.57628e-07	0	0	-1	img_PX4_2__0_1773041127281492500.png
PX4_3	1773041126227	0	0	0.573961	0.707107	0	0	-0.707107	img_PX4_3__0_1773041127381967800.png
PX4_4	1773041126332	0	0	0.573961	0.707107	0	0	0.707107	img_PX4_4__0_1773041127493876900.png
PX4_1	1773041126437	-0.00922057	0.0199697	-7.70805	0.999996	-0.000896577	0.00014661	0.00285543	img_PX4_1__0_1773041127597816100.png
PX4_2	1773041126551	0	0	0.573961	3.57628e-07	0	0	-1	img_PX4_2__0_1773041127717523100.png
PX4_3	1773041126659	0	0	0.573961	0.707107	0	0	-0.707107	img_PX4_3__0_1773041127826944800.png
PX4_4	1773041126755	0	0	0.573961	0.707107	0	0	0.707107	img_PX4_4__0_1773041127924341300.png
PX4_1	1773041126848	-0.0155377	0.012664	-8.25591	0.999996	-0.000734761	-0.000469077	0.00256195	img_PX4_1__0_1773041128020053800.png
PX4_2	1773041126962	0	0	0.573961	3.57628e-07	0	0	-1	img_PX4_2__0_1773041128136489300.png
PX4_3	1773041127073	0	0	0.573961	0.707107	0	0	-0.707107	img_PX4_3__0_1773041128254498000.png
PX4_4	1773041127181	0	0	0.573961	0.707107	0	0	0.707107	img_PX4_4__0_1773041128362678700.png
PX4_1	1773041127283	-0.0203397	0.00242652	-8.74325	0.999996	-0.000284335	-0.00112097	0.00263427	img_PX4_1__0_1773041128465325400.png
PX4_2	1773041127391	0	0	0.573961	3.57628e-07	0	0	-1	img_PX4_2__0_1773041128577666400.png
PX4_3	1773041127505	0	0	0.573961	0.707107	0	0	-0.707107	img_PX4_3__0_1773041128692661400.png
PX4_4	1773041127607	0	0	0.573961	0.707107	0	0	0.707107	img_PX4_4__0_1773041128796616000.png
PX4_1	1773041127703	-0.0213447	-0.00855081	-9.11679	0.999995	0.000209916	-0.00119812	0.0028926	img_PX4_1__0_1773041128894447500.png
PX4_2	1773041127811	0	0	0.573961	3.57628e-07	0	0	-1	img_PX4_2__0_1773041129006111900.png
PX4_3	1773041127913	0	0	0.573961	0.707107	0	0	-0.707107	img_PX4_3__0_1773041129112630900.png
PX4_4	1773041127997	0	0	0.573961	0.707107	0	0	0.707107	img_PX4_4__0_1773041129198933300.png
PX4_1	1773041128057	-0.0194922	-0.0173359	-9.28832	0.999994	0.000826514	-0.000799707	0.00313541	img_PX4_1__0_1773041129261366100.png
PX4_2	1773041128159	0	0	0.573961	3.57628e-07	0	0	-1	img_PX4_2__0_1773041129367173500.png
PX4_3	1773041128261	0	0	0.573961	0.707107	0	0	-0.707107	img_PX4_3__0_1773041129471922200.png
PX4_4	1773041128369	0	0	0.573961	0.707107	0	0	0.707107	img_PX4_4__0_1773041129581355500.png
PX4_1	1773041128459	-0.0152451	-0.025213	-9.34742	0.999994	0.00104917	-0.000320488	0.00335959	img_PX4_1__0_1773041129672240300.png
PX4_2	1773041128561	0	0	0.573961	3.57628e-07	0	0	-1	img_PX4_2__0_1773041129778518400.png
PX4_3	1773041128654	0	0	0.573961	0.707107	0	0	-0.707107	img_PX4_3__0_1773041129872947900.png
PX4_4	1773041128753	0	0	0.573961	0.707107	0	0	0.707107	img_PX4_4__0_1773041129975043000.png
PX4_1	1773041128849	-0.00986845	-0.0297869	-9.3381	0.999993	0.0013547	-0.000310128	0.0035553	img_PX4_1__0_1773041130070242800.png
PX4_2	1773041128960	0	0	0.573961	3.57628e-07	0	0	-1	img_PX4_2__0_1773041130188197600.png
PX4_3	1773041129068	0	0	0.573961	0.707107	0	0	-0.707107	img_PX4_3__0_1773041130297377900.png
PX4_4	1773041129173	0	0	0.573961	0.707107	0	0	0.707107	img_PX4_4__0_1773041130404468000.png
PX4_1	1773041129257	-0.00357035	-0.0306557	-9.29277	0.999992	0.00126556	0.000461223	0.00383311	img_PX4_1__0_1773041130490959600.png
PX4_2	1773041129371	0	0	0.573961	3.57628e-07	0	0	-1	img_PX4_2__0_1773041130605982000.png
PX4_3	1773041129476	0	0	0.573961	0.707107	0	0	-0.707107	img_PX4_3__0_1773041130710899800.png
PX4_4	1773041129575	0	0	0.573961	0.707107	0	0	0.707107	img_PX4_4__0_1773041130813250600.png
PX4_1	1773041129674	0.00154976	-0.0276504	-9.2418	0.99999	0.000625497	0.000706087	0.00446469	img_PX4_1__0_1773041130911804800.png
PX4_2	1773041129785	0	0	0.573961	3.57628e-07	0	0	-1	img_PX4_2__0_1773041131027624800.png
PX4_3	1773041129899	0	0	0.573961	0.707107	0	0	-0.707107	img_PX4_3__0_1773041131145789100.png
PX4_4	1773041130013	0	0	0.573961	0.707107	0	0	0.707107	img_PX4_4__0_1773041131261465500.png
PX4_1	1773041130106	0.00433792	-0.0218846	-9.20594	0.999985	0.000639385	0.000896498	0.00534412	img_PX4_1__0_1773041131357695400.png
PX4_2	1773041130202	0	0	0.573961	3.57628e-07	0	0	-1	img_PX4_2__0_1773041131452640300.png
PX4_3	1773041130298	0	0	0.573961	0.707107	0	0	-0.707107	img_PX4_3__0_1773041131551718100.png
PX4_4	1773041130412	0	0	0.573961	0.707107	0	0	0.707107	img_PX4_4__0_1773041131667602800.png
PX4_1	1773041130517	0.00402846	-0.0143494	-9.19482	0.999982	0.000383687	0.000669231	0.00597303	img_PX4_1__0_1773041131775879700.png
PX4_2	1773041130616	0	0	0.573961	3.57628e-07	0	0	-1	img_PX4_2__0_1773041131878935200.png
PX4_3	1773041130718	0	0	0.573961	0.707107	0	0	-0.707107	img_PX4_3__0_1773041131985738600.png
PX4_4	1773041130823	0	0	0.573961	0.707107	0	0	0.707107	img_PX4_4__0_1773041132093139800.png
PX4_1	1773041130922	0.00131159	-0.00583247	-9.20477	0.999983	-0.000161796	0.00051282	0.00587308	img_PX4_1__0_1773041132195517300.png
PX4_2	1773041131036	0	0	0.573961	3.57628e-07	0	0	-1	img_PX4_2__0_1773041132311501600.png
PX4_3	1773041131135	0	0	0.573961	0.707107	0	0	-0.707107	img_PX4_3__0_1773041132411057200.png
PX4_4	1773041131243	0	0	0.573961	0.707107	0	0	0.707107	img_PX4_4__0_1773041132519846400.png
PX4_1	1773041131339	-0.0034743	0.00292259	-9.23064	0.999987	-0.000239935	0.000790183	0.00509401	img_PX4_1__0_1773041132617284900.png
PX4_2	1773041131444	0	0	0.573961	3.57628e-07	0	0	-1	img_PX4_2__0_1773041132724665000.png
PX4_3	1773041131543	0	0	0.573961	0.707107	0	0	-0.707107	img_PX4_3__0_1773041132828241300.png
PX4_4	1773041131642	0	0	0.573961	0.707107	0	0	0.707107	img_PX4_4__0_1773041132931727800.png
PX4_1	1773041131738	-0.0102972	0.0103386	-9.26344	0.999989	-0.00134734	0.000425743	0.00452377	img_PX4_1__0_1773041133027960100.png
PX4_2	1773041131849	0	0	0.573961	3.57628e-07	0	0	-1	img_PX4_2__0_1773041133144640600.png
PX4_3	1773041131960	0	0	0.573961	0.707107	0	0	-0.707107	img_PX4_3__0_1773041133256854800.png
PX4_4	1773041132050	0	0	0.573961	0.707107	0	0	0.707107	img_PX4_4__0_1773041133347814300.png
PX4_1	1773041132152	-0.0187672	0.0138949	-9.30053	0.999988	-0.00192888	-0.000360941	0.00453097	img_PX4_1__0_1773041133452357800.png
PX4_2	1773041132260	0	0	0.573961	3.57628e-07	0	0	-1	img_PX4_2__0_1773041133560404900.png
PX4_3	1773041132362	0	0	0.573961	0.707107	0	0	-0.707107	img_PX4_3__0_1773041133663409800.png
PX4_4	1773041132467	0	0	0.573961	0.707107	0	0	0.707107	img_PX4_4__0_1773041133767463200.png
PX4_1	1773041132557	-0.0260299	0.0116758	-9.33381	0.999987	-0.00114818	-0.0007342	0.00490991	img_PX4_1__0_1773041133862551600.png
PX4_2	1773041132656	0	0	0.573961	3.57628e-07	0	0	-1	img_PX4_2__0_1773041133963167300.png
PX4_3	1773041132728	0	0	0.573961	0.707107	0	0	-0.707107	img_PX4_3__0_1773041134038804700.png
PX4_4	1773041132833	0	0	0.573961	0.707107	0	0	0.707107	img_PX4_4__0_1773041134146160200.png
PX4_1	1773041132935	-0.0306714	0.00590676	-9.35987	0.999985	-0.000923965	-0.00110826	0.0053695	img_PX4_1__0_1773041134249827500.png
PX4_2	1773041133028	0	0	0.573961	3.57628e-07	0	0	-1	img_PX4_2__0_1773041134348193600.png
PX4_3	1773041133085	0	0	0.573961	0.707107	0	0	-0.707107	img_PX4_3__0_1773041134407166000.png
PX4_4	1773041133181	0	0	0.573961	0.707107	0	0	0.707107	img_PX4_4__0_1773041134505390300.png
PX4_1	1773041133274	-0.0322345	-0.00159338	-9.37815	0.999982	-0.000720437	-0.00104734	0.00581076	img_PX4_1__0_1773041134597571500.png
PX4_2	1773041133382	0	0	0.573961	3.57628e-07	0	0	-1	img_PX4_2__0_1773041134708661900.png
PX4_3	1773041133484	0	0	0.573961	0.707107	0	0	-0.707107	img_PX4_3__0_1773041134813713600.png
PX4_4	1773041133580	0	0	0.573961	0.707107	0	0	0.707107	img_PX4_4__0_1773041134909259300.png
PX4_1	1773041133676	-0.0309274	-0.0122378	-9.39354	0.999978	0.000204224	-0.00109984	0.00653186	img_PX4_1__0_1773041135010068900.png
PX4_2	1773041133781	0	0	0.573961	3.57628e-07	0	0	-1	img_PX4_2__0_1773041135119751300.png
PX4_3	1773041133895	0	0	0.573961	0.707107	0	0	-0.707107	img_PX4_3__0_1773041135234608100.png
PX4_4	1773041133994	0	0	0.573961	0.707107	0	0	0.707107	img_PX4_4__0_1773041135336814300.png
PX4_1	1773041134078	-0.0262124	-0.0224351	-9.40361	0.999971	0.000897646	-0.00114931	0.00742266	img_PX4_1__0_1773041135424053500.png
PX4_2	1773041134186	0	0	0.573961	3.57628e-07	0	0	-1	img_PX4_2__0_1773041135532114000.png
PX4_3	1773041134282	0	0	0.573961	0.707107	0	0	-0.707107	img_PX4_3__0_1773041135631077700.png
PX4_4	1773041134381	0	0	0.573961	0.707107	0	0	0.707107	img_PX4_4__0_1773041135731951100.png
PX4_1	1773041134465	-0.0183533	-0.0297539	-9.40956	0.999964	0.0011161	-0.00110585	0.00829389	img_PX4_1__0_1773041135821672000.png
PX4_2	1773041134567	0	0	0.573961	3.57628e-07	0	0	-1	img_PX4_2__0_1773041135923278800.png
PX4_3	1773041134666	0	0	0.573961	0.707107	0	0	-0.707107	img_PX4_3__0_1773041136023860700.png
PX4_4	1773041134771	0	0	0.573961	0.707107	0	0	0.707107	img_PX4_4__0_1773041136130575800.png
PX4_1	1773041134861	-0.007325	-0.0335059	-9.41352	0.999957	0.00167497	-0.000737076	0.00911831	img_PX4_1__0_1773041136222823000.png
PX4_2	1773041134969	0	0	0.573961	3.57628e-07	0	0	-1	img_PX4_2__0_1773041136334840600.png
PX4_3	1773041135071	0	0	0.573961	0.707107	0	0	-0.707107	img_PX4_3__0_1773041136438456300.png
PX4_4	1773041135170	0	0	0.573961	0.707107	0	0	0.707107	img_PX4_4__0_1773041136538759700.png
PX4_1	1773041135257	0.00604392	-0.0324714	-9.41638	0.999954	0.0014012	-0.000126902	0.00952068	img_PX4_1__0_1773041136629288200.png
PX4_2	1773041135359	0	0	0.573961	3.57628e-07	0	0	-1	img_PX4_2__0_1773041136730006400.png
PX4_3	1773041135440	0	0	0.573961	0.707107	0	0	-0.707107	img_PX4_3__0_1773041136813718000.png
PX4_4	1773041135530	0	0	0.573961	0.707107	0	0	0.707107	img_PX4_4__0_1773041136905803200.png
PX4_1	1773041135578	0.0171907	-0.0282526	-9.41818	0.999954	0.00157995	0.000809352	0.00947193	img_PX4_1__0_1773041136952144800.png
PX4_2	1773041135674	0	0	0.573961	3.57628e-07	0	0	-1	img_PX4_2__0_1773041137051052900.png
PX4_3	1773041135773	0	0	0.573961	0.707107	0	0	-0.707107	img_PX4_3__0_1773041137153310800.png
PX4_4	1773041135869	0	0	0.573961	0.707107	0	0	0.707107	img_PX4_4__0_1773041137252402500.png
PX4_1	1773041135959	0.0283395	-0.019313	-9.42023	0.999952	0.00128493	0.00159743	0.00960814	img_PX4_1__0_1773041137345350500.png
PX4_2	1773041136064	0	0	0.573961	3.57628e-07	0	0	-1	img_PX4_2__0_1773041137452117600.png
PX4_3	1773041136163	0	0	0.573961	0.707107	0	0	-0.707107	img_PX4_3__0_1773041137550708700.png
PX4_4	1773041136256	0	0	0.573961	0.707107	0	0	0.707107	img_PX4_4__0_1773041137645234100.png
PX4_1	1773041136346	0.0349529	-0.00645528	-9.42231	0.999944	0.000703882	0.00207949	0.0103923	img_PX4_1__0_1773041137735213000.png
PX4_2	1773041136451	0	0	0.573961	3.57628e-07	0	0	-1	img_PX4_2__0_1773041137840040200.png
PX4_3	1773041136553	0	0	0.573961	0.707107	0	0	-0.707107	img_PX4_3__0_1773041137948110000.png
PX4_4	1773041136661	0	0	0.573961	0.707107	0	0	0.707107	img_PX4_4__0_1773041138057001100.png
PX4_1	1773041136757	0.0351936	0.00939311	-9.42452	0.99993	-0.000393494	0.00217141	0.0116049	img_PX4_1__0_1773041138156320100.png
PX4_2	1773041136865	0	0	0.573961	3.57628e-07	0	0	-1	img_PX4_2__0_1773041138265299000.png
PX4_3	1773041136958	0	0	0.573961	0.707107	0	0	-0.707107	img_PX4_3__0_1773041138359167800.png
PX4_4	1773041137060	0	0	0.573961	0.707107	0	0	0.707107	img_PX4_4__0_1773041138462290100.png
PX4_1	1773041137141	0.0291581	0.0229843	-9.42675	0.999915	-0.00127003	0.00185845	0.0128338	img_PX4_1__0_1773041138544736300.png
PX4_2	1773041137246	0	0	0.573961	3.57628e-07	0	0	-1	img_PX4_2__0_1773041138653788300.png
PX4_3	1773041137345	0	0	0.573961	0.707107	0	0	-0.707107	img_PX4_3__0_1773041138751908900.png
PX4_4	1773041137441	0	0	0.573961	0.707107	0	0	0.707107	img_PX4_4__0_1773041138853153900.png
PX4_1	1773041137525	0.0179076	0.0329802	-9.42869	0.999899	-0.00192027	0.00113474	0.0140433	img_PX4_1__0_1773041138942267400.png
PX4_2	1773041137624	0	0	0.573961	3.57628e-07	0	0	-1	img_PX4_2__0_1773041139042616200.png
PX4_3	1773041137726	0	0	0.573961	0.707107	0	0	-0.707107	img_PX4_3__0_1773041139147436700.png
PX4_4	1773041137825	0	0	0.573961	0.707107	0	0	0.707107	img_PX4_4__0_1773041139248045200.png
PX4_1	1773041137909	0.00340544	0.0374585	-9.43048	0.999883	-0.00199221	0.000412895	0.0151584	img_PX4_1__0_1773041139336160000.png
PX4_2	1773041138011	0	0	0.573961	3.57628e-07	0	0	-1	img_PX4_2__0_1773041139437666000.png
PX4_3	1773041138101	0	0	0.573961	0.707107	0	0	-0.707107	img_PX4_3__0_1773041139530691000.png
PX4_4	1773041138197	0	0	0.573961	0.707107	0	0	0.707107	img_PX4_4__0_1773041139627761000.png
PX4_1	1773041138284	-0.0119339	0.0363092	-9.43221	0.999865	-0.00193023	-0.000436946	0.0162966	img_PX4_1__0_1773041139716995700.png
PX4_2	1773041138377	0	0	0.573961	3.57628e-07	0	0	-1	img_PX4_2__0_1773041139812087500.png
PX4_3	1773041138467	0	0	0.573961	0.707107	0	0	-0.707107	img_PX4_3__0_1773041139904297800.png
PX4_4	1773041138560	0	0	0.573961	0.707107	0	0	0.707107	img_PX4_4__0_1773041139996648500.png
PX4_1	1773041138638	-0.025273	0.0303888	-9.43279	0.999845	-0.00171831	-0.00130204	0.0174654	img_PX4_1__0_1773041140079236600.png
PX4_2	1773041138716	0	0	0.573961	3.57628e-07	0	0	-1	img_PX4_2__0_1773041140157241400.png
PX4_3	1773041138821	0	0	0.573961	0.707107	0	0	-0.707107	img_PX4_3__0_1773041140259665000.png
PX4_4	1773041138908	0	0	0.573961	0.707107	0	0	0.707107	img_PX4_4__0_1773041140352117200.png
PX4_1	1773041138998	-0.0354447	0.0202101	-9.43215	0.999821	-0.00134993	-0.00202789	0.0187799	img_PX4_1__0_1773041140442848800.png
PX4_2	1773041139094	0	0	0.573961	3.57628e-07	0	0	-1	img_PX4_2__0_1773041140541242400.png
PX4_3	1773041139181	0	0	0.573961	0.707107	0	0	-0.707107	img_PX4_3__0_1773041140629270700.png
PX4_4	1773041139277	0	0	0.573961	0.707107	0	0	0.707107	img_PX4_4__0_1773041140724137800.png
PX4_1	1773041139361	-0.0407833	0.00653008	-9.43098	0.999797	-0.000446472	-0.00230377	0.0200226	img_PX4_1__0_1773041140809192400.png
PX4_2	1773041139451	0	0	0.573961	3.57628e-07	0	0	-1	img_PX4_2__0_1773041140899397700.png
PX4_3	1773041139538	0	0	0.573961	0.707107	0	0	-0.707107	img_PX4_3__0_1773041140989044100.png
PX4_4	1773041139631	0	0	0.573961	0.707107	0	0	0.707107	img_PX4_4__0_1773041141082087500.png
PX4_1	1773041139730	-0.0402395	-0.00847772	-9.42985	0.999779	0.000167775	-0.00184355	0.020937	img_PX4_1__0_1773041141183994900.png
PX4_2	1773041139826	0	0	0.573961	3.57628e-07	0	0	-1	img_PX4_2__0_1773041141284844900.png
PX4_3	1773041139910	0	0	0.573961	0.707107	0	0	-0.707107	img_PX4_3__0_1773041141369231000.png
PX4_4	1773041140000	0	0	0.573961	0.707107	0	0	0.707107	img_PX4_4__0_1773041141461316700.png
PX4_1	1773041140078	-0.0350105	-0.0220052	-9.42863	0.999765	0.00118872	-0.0015876	0.0215781	img_PX4_1__0_1773041141538932300.png
PX4_2	1773041140168	0	0	0.573961	3.57628e-07	0	0	-1	img_PX4_2__0_1773041141631306700.png
PX4_3	1773041140261	0	0	0.573961	0.707107	0	0	-0.707107	img_PX4_3__0_1773041141726507700.png
PX4_4	1773041140348	0	0	0.573961	0.707107	0	0	0.707107	img_PX4_4__0_1773041141813094400.png
PX4_1	1773041140432	-0.0259369	-0.0328338	-9.42699	0.999744	0.00218574	-0.00146632	0.0224537	img_PX4_1__0_1773041141900630400.png
PX4_2	1773041140534	0	0	0.573961	3.57628e-07	0	0	-1	img_PX4_2__0_1773041142002127900.png
PX4_3	1773041140630	0	0	0.573961	0.707107	0	0	-0.707107	img_PX4_3__0_1773041142098837900.png
PX4_4	1773041140726	0	0	0.573961	0.707107	0	0	0.707107	img_PX4_4__0_1773041142198436100.png
PX4_1	1773041140822	-0.012161	-0.0389277	-9.42498	0.999709	0.002213	-0.000664838	0.0239965	img_PX4_1__0_1773041142296679300.png
PX4_2	1773041140915	0	0	0.573961	3.57628e-07	0	0	-1	img_PX4_2__0_1773041142391539300.png
PX4_3	1773041141008	0	0	0.573961	0.707107	0	0	-0.707107	img_PX4_3__0_1773041142486048700.png
PX4_4	1773041141110	0	0	0.573961	0.707107	0	0	0.707107	img_PX4_4__0_1773041142591188900.png
PX4_1	1773041141206	0.00335449	-0.0384965	-9.42317	0.999665	0.00223127	0.000296026	0.0257955	img_PX4_1__0_1773041142687041200.png
PX4_2	1773041141305	0	0	0.573961	3.57628e-07	0	0	-1	img_PX4_2__0_1773041142792149800.png
PX4_3	1773041141401	0	0	0.573961	0.707107	0	0	-0.707107	img_PX4_3__0_1773041142889953700.png
PX4_4	1773041141494	0	0	0.573961	0.707107	0	0	0.707107	img_PX4_4__0_1773041142986240000.png
PX4_1	1773041141578	0.0175229	-0.0320716	-9.42157	0.999624	0.00188409	0.00117734	0.0273469	img_PX4_1__0_1773041143072618500.png
PX4_2	1773041141680	0	0	0.573961	3.57628e-07	0	0	-1	img_PX4_2__0_1773041143175092800.png
PX4_3	1773041141779	0	0	0.573961	0.707107	0	0	-0.707107	img_PX4_3__0_1773041143276212800.png
PX4_4	1773041141860	0	0	0.573961	0.707107	0	0	0.707107	img_PX4_4__0_1773041143359605800.png
PX4_1	1773041141956	0.0286448	-0.0203655	-9.42055	0.999593	0.00152234	0.00181097	0.0284203	img_PX4_1__0_1773041143458592400.png
PX4_2	1773041142049	0	0	0.573961	3.57628e-07	0	0	-1	img_PX4_2__0_1773041143554196700.png
PX4_3	1773041142151	0	0	0.573961	0.707107	0	0	-0.707107	img_PX4_3__0_1773041143653864100.png
PX4_4	1773041142253	0	0	0.573961	0.707107	0	0	0.707107	img_PX4_4__0_1773041143759640800.png
PX4_1	1773041142331	0.0346052	-0.00469863	-9.41999	0.999572	0.000641989	0.00214288	0.0291632	img_PX4_1__0_1773041143839646500.png
PX4_2	1773041142424	0	0	0.573961	3.57628e-07	0	0	-1	img_PX4_2__0_1773041143932942400.png
PX4_3	1773041142517	0	0	0.573961	0.707107	0	0	-0.707107	img_PX4_3__0_1773041144024003300.png
PX4_4	1773041142610	0	0	0.573961	0.707107	0	0	0.707107	img_PX4_4__0_1773041144122438600.png
PX4_1	1773041142691	0.0348671	0.0118655	-9.41954	0.999548	-0.000695165	0.00201425	0.0299767	img_PX4_1__0_1773041144205335500.png
PX4_2	1773041142793	0	0	0.573961	3.57628e-07	0	0	-1	img_PX4_2__0_1773041144305218100.png
PX4_3	1773041142880	0	0	0.573961	0.707107	0	0	-0.707107	img_PX4_3__0_1773041144394228500.png
PX4_4	1773041142967	0	0	0.573961	0.707107	0	0	0.707107	img_PX4_4__0_1773041144484533100.png
PX4_1	1773041143057	0.0298938	0.0268708	-9.41924	0.999513	-0.00186962	0.00182723	0.0310983	img_PX4_1__0_1773041144575913100.png
PX4_2	1773041143153	0	0	0.573961	3.57628e-07	0	0	-1	img_PX4_2__0_1773041144672627200.png
PX4_3	1773041143249	0	0	0.573961	0.707107	0	0	-0.707107	img_PX4_3__0_1773041144769104900.png
PX4_4	1773041143348	0	0	0.573961	0.707107	0	0	0.707107	img_PX4_4__0_1773041144867971200.png
PX4_1	1773041143438	0.0496276	0.039392	-9.42208	0.99329	0.00212393	-0.111086	0.0321093	img_PX4_1__0_1773041144963166600.png
PX4_2	1773041143546	0	0	0.573961	3.57628e-07	0	0	-1	img_PX4_2__0_1773041145071223600.png
PX4_3	1773041143648	0	0	0.573961	0.707107	0	0	-0.707107	img_PX4_3__0_1773041145177909800.png
PX4_4	1773041143744	0	0	0.573961	0.707107	0	0	0.707107	img_PX4_4__0_1773041145277024400.png
PX4_1	1773041143831	0.412664	0.0720926	-9.43073	0.969884	0.0142275	-0.240826	0.0335483	img_PX4_1__0_1773041145366312900.png
PX4_2	1773041143930	0	0	0.573961	3.57628e-07	0	0	-1	img_PX4_2__0_1773041145465764900.png
PX4_3	1773041144020	0	0	0.573961	0.707107	0	0	-0.707107	img_PX4_3__0_1773041145556482400.png
PX4_4	1773041144107	0	0	0.573961	0.707107	0	0	0.707107	img_PX4_4__0_1773041145644950200.png
PX4_1	1773041144200	1.39276	0.159904	-9.39911	0.974717	0.012674	-0.220196	0.0357887	img_PX4_1__0_1773041145738801400.png
PX4_2	1773041144296	0	0	0.573961	3.57628e-07	0	0	-1	img_PX4_2__0_1773041145839849000.png
PX4_3	1773041144386	0	0	0.573961	0.707107	0	0	-0.707107	img_PX4_3__0_1773041145932134200.png
PX4_4	1773041144476	0	0	0.573961	0.707107	0	0	0.707107	img_PX4_4__0_1773041146025758800.png
PX4_1	1773041144569	2.98497	0.320705	-9.33742	0.9786	0.0147433	-0.201446	0.0392948	img_PX4_1__0_1773041146121182500.png
PX4_2	1773041144671	0	0	0.573961	3.57628e-07	0	0	-1	img_PX4_2__0_1773041146222157500.png
PX4_3	1773041144761	0	0	0.573961	0.707107	0	0	-0.707107	img_PX4_3__0_1773041146315073300.png
PX4_4	1773041144845	0	0	0.573961	0.707107	0	0	0.707107	img_PX4_4__0_1773041146399296900.png
PX4_1	1773041144932	5.07784	0.543766	-9.25777	0.98342	0.00701542	-0.176993	0.038856	img_PX4_1__0_1773041146491947600.png
PX4_2	1773041145022	0	0	0.573961	3.57628e-07	0	0	-1	img_PX4_2__0_1773041146580623000.png
PX4_3	1773041145109	0	0	0.573961	0.707107	0	0	-0.707107	img_PX4_3__0_1773041146667602800.png
PX4_4	1773041145196	0	0	0.573961	0.707107	0	0	0.707107	img_PX4_4__0_1773041146759821600.png
PX4_1	1773041145277	7.47975	0.784705	-9.17967	0.988317	-0.00390274	-0.147354	0.0387536	img_PX4_1__0_1773041146840706400.png
PX4_2	1773041145373	0	0	0.573961	3.57628e-07	0	0	-1	img_PX4_2__0_1773041146936857000.png
PX4_3	1773041145448	0	0	0.573961	0.707107	0	0	-0.707107	img_PX4_3__0_1773041147015782100.png
PX4_4	1773041145541	0	0	0.573961	0.707107	0	0	0.707107	img_PX4_4__0_1773041147110948100.png
PX4_1	1773041145628	10.2518	1.02711	-9.12204	0.992097	-0.0396533	-0.1137	0.0352592	img_PX4_1__0_1773041147200334700.png
PX4_2	1773041145727	0	0	0.573961	3.57628e-07	0	0	-1	img_PX4_2__0_1773041147301266300.png
PX4_3	1773041145823	0	0	0.573961	0.707107	0	0	-0.707107	img_PX4_3__0_1773041147398061200.png
PX4_4	1773041145913	0	0	0.573961	0.707107	0	0	0.707107	img_PX4_4__0_1773041147493109600.png
PX4_1	1773041145991	13.3615	1.14646	-9.11324	0.986133	-0.161303	-0.0328924	0.0209913	img_PX4_1__0_1773041147574770900.png
PX4_2	1773041146084	0	0	0.573961	3.57628e-07	0	0	-1	img_PX4_2__0_1773041147667948400.png
PX4_3	1773041146174	0	0	0.573961	0.707107	0	0	-0.707107	img_PX4_3__0_1773041147760128300.png
PX4_4	1773041146255	0	0	0.573961	0.707107	0	0	0.707107	img_PX4_4__0_1773041147843229300.png
PX4_1	1773041146336	16.372	0.88635	-9.15188	0.987149	-0.15642	0.000468867	0.0326973	img_PX4_1__0_1773041147925282800.png
PX4_2	1773041146420	0	0	0.573961	3.57628e-07	0	0	-1	img_PX4_2__0_1773041148010347800.png
PX4_3	1773041146480	0	0	0.573961	0.707107	0	0	-0.707107	img_PX4_3__0_1773041148071151400.png
PX4_4	1773041146567	0	0	0.573961	0.707107	0	0	0.707107	img_PX4_4__0_1773041148162717500.png
PX4_1	1773041146648	19.0565	0.313478	-9.20672	0.989554	-0.13517	0.0146419	0.0479423	img_PX4_1__0_1773041148244640000.png
PX4_2	1773041146744	0	0	0.573961	3.57628e-07	0	0	-1	img_PX4_2__0_1773041148339589200.png
PX4_3	1773041146828	0	0	0.573961	0.707107	0	0	-0.707107	img_PX4_3__0_1773041148424711000.png
PX4_4	1773041146915	0	0	0.573961	0.707107	0	0	0.707107	img_PX4_4__0_1773041148511211400.png
PX4_1	1773041146981	21.8601	-0.582789	-9.27773	0.99698	-0.0493179	0.0139174	0.0583503	img_PX4_1__0_1773041148577789200.png
PX4_2	1773041147071	0	0	0.573961	3.57628e-07	0	0	-1	img_PX4_2__0_1773041148670865100.png
PX4_3	1773041147164	0	0	0.573961	0.707107	0	0	-0.707107	img_PX4_3__0_1773041148767344400.png
PX4_4	1773041147257	0	0	0.573961	0.707107	0	0	0.707107	img_PX4_4__0_1773041148860810300.png
PX4_1	1773041147338	24.7814	-1.64441	-9.36703	0.992319	0.107751	0.0223309	0.0565211	img_PX4_1__0_1773041148942641600.png
PX4_2	1773041147431	0	0	0.573961	3.57628e-07	0	0	-1	img_PX4_2__0_1773041149036852000.png
PX4_3	1773041147518	0	0	0.573961	0.707107	0	0	-0.707107	img_PX4_3__0_1773041149128932500.png
PX4_4	1773041147608	0	0	0.573961	0.707107	0	0	0.707107	img_PX4_4__0_1773041149221836500.png
PX4_1	1773041147692	27.5598	-2.42633	-9.46142	0.967202	0.248283	0.02229	0.0487673	img_PX4_1__0_1773041149306678100.png
PX4_2	1773041147782	0	0	0.573961	3.57628e-07	0	0	-1	img_PX4_2__0_1773041149399023100.png
PX4_3	1773041147863	0	0	0.573961	0.707107	0	0	-0.707107	img_PX4_3__0_1773041149484364800.png
PX4_4	1773041147956	0	0	0.573961	0.707107	0	0	0.707107	img_PX4_4__0_1773041149576663000.png
PX4_1	1773041148034	30.1186	-2.60957	-9.50875	0.962472	0.267383	0.0134431	0.0444256	img_PX4_1__0_1773041149658109000.png
PX4_2	1773041148130	0	0	0.573961	3.57628e-07	0	0	-1	img_PX4_2__0_1773041149758179200.png
PX4_3	1773041148220	0	0	0.573961	0.707107	0	0	-0.707107	img_PX4_3__0_1773041149851670100.png
PX4_4	1773041148292	0	0	0.573961	0.707107	0	0	0.707107	img_PX4_4__0_1773041149926796800.png
PX4_1	1773041148376	32.5738	-2.15014	-9.48958	0.96609	0.254033	0.00263916	0.0461573	img_PX4_1__0_1773041150012402300.png
PX4_2	1773041148460	0	0	0.573961	3.57628e-07	0	0	-1	img_PX4_2__0_1773041150095633100.png
PX4_3	1773041148523	0	0	0.573961	0.707107	0	0	-0.707107	img_PX4_3__0_1773041150156527500.png
PX4_4	1773041148571	0	0	0.573961	0.707107	0	0	0.707107	img_PX4_4__0_1773041150206210500.png
PX4_1	1773041148637	34.389	-1.39395	-9.43602	0.974691	0.208774	0.0508699	0.0616687	img_PX4_1__0_1773041150273999500.png
PX4_2	1773041148712	0	0	0.573961	3.57628e-07	0	0	-1	img_PX4_2__0_1773041150348564900.png
PX4_3	1773041148790	0	0	0.573961	0.707107	0	0	-0.707107	img_PX4_3__0_1773041150430532900.png
PX4_4	1773041148883	0	0	0.573961	0.707107	0	0	0.707107	img_PX4_4__0_1773041150523610900.png
PX4_1	1773041148973	36.1531	-0.313967	-9.35723	0.975624	0.112819	0.171086	0.0784813	img_PX4_1__0_1773041150615964300.png
PX4_2	1773041149069	0	0	0.573961	3.57628e-07	0	0	-1	img_PX4_2__0_1773041150711287900.png
PX4_3	1773041149162	0	0	0.573961	0.707107	0	0	-0.707107	img_PX4_3__0_1773041150805543100.png
PX4_4	1773041149237	0	0	0.573961	0.707107	0	0	0.707107	img_PX4_4__0_1773041150880931700.png
PX4_1	1773041149306	36.2976	-0.187692	-9.34678	0.958207	0.0158334	0.26148	0.114966	img_PX4_1__0_1773041150948565800.png
PX4_2	1773041149375	0	0	0.573961	3.57628e-07	0	0	-1	img_PX4_2__0_1773041151019069800.png
PX4_3	1773041149459	0	0	0.573961	0.707107	0	0	-0.707107	img_PX4_3__0_1773041151106314500.png
PX4_4	1773041149552	0	0	0.573961	0.707107	0	0	0.707107	img_PX4_4__0_1773041151200577100.png
PX4_1	1773041149615	36.3158	0.142254	-9.38657	0.941869	-0.102743	0.28646	0.142361	img_PX4_1__0_1773041151263972000.png
PX4_2	1773041149690	0	0	0.573961	3.57628e-07	0	0	-1	img_PX4_2__0_1773041151341045600.png
PX4_3	1773041149768	0	0	0.573961	0.707107	0	0	-0.707107	img_PX4_3__0_1773041151420925500.png
PX4_4	1773041149849	0	0	0.573961	0.707107	0	0	0.707107	img_PX4_4__0_1773041151501793100.png
PX4_1	1773041149924	35.9468	0.470286	-9.40771	0.98422	-0.0571244	0.139335	0.092922	img_PX4_1__0_1773041151574921000.png
PX4_2	1773041149996	0	0	0.573961	3.57628e-07	0	0	-1	img_PX4_2__0_1773041151648958500.png
PX4_3	1773041150071	0	0	0.573961	0.707107	0	0	-0.707107	img_PX4_3__0_1773041151723289400.png
PX4_4	1773041150152	0	0	0.573961	0.707107	0	0	0.707107	img_PX4_4__0_1773041151806233500.png
PX4_1	1773041150218	35.3256	0.636646	-9.49783	0.999636	0.0194313	0.011719	0.0145963	img_PX4_1__0_1773041151872945300.png
PX4_2	1773041150308	0	0	0.573961	3.57628e-07	0	0	-1	img_PX4_2__0_1773041151962624000.png
PX4_3	1773041150389	0	0	0.573961	0.707107	0	0	-0.707107	img_PX4_3__0_1773041152045202900.png
PX4_4	1773041150473	0	0	0.573961	0.707107	0	0	0.707107	img_PX4_4__0_1773041152132024900.png
PX4_1	1773041150554	34.5866	0.868653	-9.70988	0.993772	0.0812022	-0.0598635	-0.047317	img_PX4_1__0_1773041152218747000.png
PX4_2	1773041150653	0	0	0.573961	3.57628e-07	0	0	-1	img_PX4_2__0_1773041152319150200.png
PX4_3	1773041150728	0	0	0.573961	0.707107	0	0	-0.707107	img_PX4_3__0_1773041152392264000.png
PX4_4	1773041150812	0	0	0.573961	0.707107	0	0	0.707107	img_PX4_4__0_1773041152484945500.png
PX4_1	1773041150890	33.9906	1.27648	-9.97087	0.987836	0.112095	-0.0880189	-0.0621943	img_PX4_1__0_1773041152562904500.png
PX4_2	1773041150980	0	0	0.573961	3.57628e-07	0	0	-1	img_PX4_2__0_1773041152656871000.png
PX4_3	1773041151064	0	0	0.573961	0.707107	0	0	-0.707107	img_PX4_3__0_1773041152741639400.png
PX4_4	1773041151154	0	0	0.573961	0.707107	0	0	0.707107	img_PX4_4__0_1773041152836175000.png
PX4_1	1773041151235	33.595	1.92994	-10.2011	0.988056	0.102523	-0.10556	-0.0457251	img_PX4_1__0_1773041152919696800.png
PX4_2	1773041151322	0	0	0.573961	3.57628e-07	0	0	-1	img_PX4_2__0_1773041153006788300.png
PX4_3	1773041151412	0	0	0.573961	0.707107	0	0	-0.707107	img_PX4_3__0_1773041153094214100.png
PX4_4	1773041151496	0	0	0.573961	0.707107	0	0	0.707107	img_PX4_4__0_1773041153184556000.png
PX4_1	1773041151562	33.4459	2.74125	-10.3257	0.989524	0.0547614	-0.131032	-0.0259714	img_PX4_1__0_1773041153252086700.png
PX4_2	1773041151661	0	0	0.573961	3.57628e-07	0	0	-1	img_PX4_2__0_1773041153352760900.png
PX4_3	1773041151733	0	0	0.573961	0.707107	0	0	-0.707107	img_PX4_3__0_1773041153427824000.png
PX4_4	1773041151817	0	0	0.573961	0.707107	0	0	0.707107	img_PX4_4__0_1773041153511997200.png
PX4_1	1773041151895	33.5477	3.66094	-10.3399	0.993423	-0.0184306	-0.112143	-0.0139671	img_PX4_1__0_1773041153591313100.png
PX4_2	1773041151976	0	0	0.573961	3.57628e-07	0	0	-1	img_PX4_2__0_1773041153672825900.png
PX4_3	1773041152057	0	0	0.573961	0.707107	0	0	-0.707107	img_PX4_3__0_1773041153758198400.png
PX4_4	1773041152144	0	0	0.573961	0.707107	0	0	0.707107	img_PX4_4__0_1773041153845087200.png
PX4_1	1773041152213	33.8525	4.50263	-10.2676	0.996331	-0.062667	-0.0572705	-0.0108048	img_PX4_1__0_1773041153915384900.png
PX4_2	1773041152297	0	0	0.573961	3.57628e-07	0	0	-1	img_PX4_2__0_1773041153998670700.png
PX4_3	1773041152372	0	0	0.573961	0.707107	0	0	-0.707107	img_PX4_3__0_1773041154075565000.png
PX4_4	1773041152462	0	0	0.573961	0.707107	0	0	0.707107	img_PX4_4__0_1773041154169789900.png
PX4_1	1773041152537	34.2694	5.22908	-10.1572	0.997611	-0.0687849	-0.00220105	-0.00599009	img_PX4_1__0_1773041154246566200.png
PX4_2	1773041152627	0	0	0.573961	3.57628e-07	0	0	-1	img_PX4_2__0_1773041154339323200.png
PX4_3	1773041152690	0	0	0.573961	0.707107	0	0	-0.707107	img_PX4_3__0_1773041154400528700.png
PX4_4	1773041152777	0	0	0.573961	0.707107	0	0	0.707107	img_PX4_4__0_1773041154490770600.png
PX4_1	1773041152843	34.6797	5.79947	-10.0541	0.999237	-0.0317775	0.0223143	0.00425421	img_PX4_1__0_1773041154560081500.png
PX4_2	1773041152927	0	0	0.573961	3.57628e-07	0	0	-1	img_PX4_2__0_1773041154646246900.png
PX4_3	1773041152987	0	0	0.573961	0.707107	0	0	-0.707107	img_PX4_3__0_1773041154710180000.png
PX4_4	1773041153056	0	0	0.573961	0.707107	0	0	0.707107	img_PX4_4__0_1773041154782097000.png
PX4_1	1773041153125	35.0183	6.26194	-9.98091	0.999332	0.000898949	0.034184	0.0128686	img_PX4_1__0_1773041154852222900.png
PX4_2	1773041153203	0	0	0.573961	3.57628e-07	0	0	-1	img_PX4_2__0_1773041154934242900.png
PX4_3	1773041153272	0	0	0.573961	0.707107	0	0	-0.707107	img_PX4_3__0_1773041155005119200.png
PX4_4	1773041153347	0	0	0.573961	0.707107	0	0	0.707107	img_PX4_4__0_1773041155077016500.png
PX4_1	1773041153422	35.3148	6.74576	-9.92613	0.998574	0.0165718	0.0471726	0.0186873	img_PX4_1__0_1773041155155112400.png
PX4_2	1773041153497	0	0	0.573961	3.57628e-07	0	0	-1	img_PX4_2__0_1773041155231869800.png
PX4_3	1773041153578	0	0	0.573961	0.707107	0	0	-0.707107	img_PX4_3__0_1773041155315356400.png
PX4_4	1773041153644	0	0	0.573961	0.707107	0	0	0.707107	img_PX4_4__0_1773041155383680100.png
PX4_1	1773041153710	35.5222	7.23617	-9.8849	0.997783	0.0089183	0.0622776	0.0217274	img_PX4_1__0_1773041155449761700.png
PX4_2	1773041153779	0	0	0.573961	3.57628e-07	0	0	-1	img_PX4_2__0_1773041155519555100.png
PX4_3	1773041153854	0	0	0.573961	0.707107	0	0	-0.707107	img_PX4_3__0_1773041155593061900.png
PX4_4	1773041153938	0	0	0.573961	0.707107	0	0	0.707107	img_PX4_4__0_1773041155679244400.png
PX4_1	1773041154019	35.6305	7.76607	-9.83961	0.996521	-0.0167123	0.078148	0.0236523	img_PX4_1__0_1773041155761226800.png
PX4_2	1773041154103	0	0	0.573961	3.57628e-07	0	0	-1	img_PX4_2__0_1773041155847822800.png
PX4_3	1773041154190	0	0	0.573961	0.707107	0	0	-0.707107	img_PX4_3__0_1773041155937638900.png
PX4_4	1773041154274	0	0	0.573961	0.707107	0	0	0.707107	img_PX4_4__0_1773041156022903500.png
PX4_1	1773041154349	35.5873	8.29968	-9.77524	0.994287	-0.0516828	0.0899029	0.0252999	img_PX4_1__0_1773041156099951700.png
PX4_2	1773041154439	0	0	0.573961	3.57628e-07	0	0	-1	img_PX4_2__0_1773041156192974100.png
PX4_3	1773041154523	0	0	0.573961	0.707107	0	0	-0.707107	img_PX4_3__0_1773041156283027700.png
PX4_4	1773041154598	0	0	0.573961	0.707107	0	0	0.707107	img_PX4_4__0_1773041156357405800.png
PX4_1	1773041154676	35.3603	8.71013	-9.69086	0.992353	-0.0795711	0.0906829	0.026084	img_PX4_1__0_1773041156435407200.png
PX4_2	1773041154751	0	0	0.573961	3.57628e-07	0	0	-1	img_PX4_2__0_1773041156512401200.png
PX4_3	1773041154832	0	0	0.573961	0.707107	0	0	-0.707107	img_PX4_3__0_1773041156595012600.png
PX4_4	1773041154919	0	0	0.573961	0.707107	0	0	0.707107	img_PX4_4__0_1773041156682171100.png
PX4_1	1773041154970	34.9987	8.93557	-9.59989	0.991865	-0.0941558	0.0819877	0.0248451	img_PX4_1__0_1773041156735251400.png
PX4_2	1773041155054	0	0	0.573961	3.57628e-07	0	0	-1	img_PX4_2__0_1773041156820881500.png
PX4_3	1773041155102	0	0	0.573961	0.707107	0	0	-0.707107	img_PX4_3__0_1773041156871386800.png
PX4_4	1773041155180	0	0	0.573961	0.707107	0	0	0.707107	img_PX4_4__0_1773041156949678900.png
PX4_1	1773041155246	34.5361	8.99762	-9.50826	0.991501	-0.107952	0.0688694	0.0230024	img_PX4_1__0_1773041157015360900.png
PX4_2	1773041155321	0	0	0.573961	3.57628e-07	0	0	-1	img_PX4_2__0_1773041157092514400.png
PX4_3	1773041155408	0	0	0.573961	0.707107	0	0	-0.707107	img_PX4_3__0_1773041157181475600.png
PX4_4	1773041155495	0	0	0.573961	0.707107	0	0	0.707107	img_PX4_4__0_1773041157269980000.png
PX4_1	1773041155558	33.8954	8.86738	-9.40267	0.992332	-0.113014	0.0461668	0.0193411	img_PX4_1__0_1773041157337567000.png
PX4_2	1773041155639	0	0	0.573961	3.57628e-07	0	0	-1	img_PX4_2__0_1773041157419754500.png
PX4_3	1773041155714	0	0	0.573961	0.707107	0	0	-0.707107	img_PX4_3__0_1773041157494292500.png
PX4_4	1773041155798	0	0	0.573961	0.707107	0	0	0.707107	img_PX4_4__0_1773041157577407900.png
PX4_1	1773041155864	33.4805	8.68275	-9.34209	0.9939	-0.108437	0.0188715	0.0070105	img_PX4_1__0_1773041157643997900.png
PX4_2	1773041155936	0	0	0.573961	3.57628e-07	0	0	-1	img_PX4_2__0_1773041157719013400.png
PX4_3	1773041156005	0	0	0.573961	0.707107	0	0	-0.707107	img_PX4_3__0_1773041157790718900.png
PX4_4	1773041156083	0	0	0.573961	0.707107	0	0	0.707107	img_PX4_4__0_1773041157868832200.png
PX4_1	1773041156143	33.4687	8.57436	-9.32598	0.99464	-0.101123	-0.0065196	-0.0205863	img_PX4_1__0_1773041157927785700.png
PX4_2	1773041156194	0	0	0.573961	3.57628e-07	0	0	-1	img_PX4_2__0_1773041157980648700.png
PX4_3	1773041156272	0	0	0.573961	0.707107	0	0	-0.707107	img_PX4_3__0_1773041158059996200.png
PX4_4	1773041156350	0	0	0.573961	0.707107	0	0	0.707107	img_PX4_4__0_1773041158138249200.png
PX4_1	1773041156428	33.4888	8.43007	-9.31411	0.994834	-0.0938449	-0.031981	-0.0218227	img_PX4_1__0_1773041158216359100.png
PX4_2	1773041156509	0	0	0.573961	3.57628e-07	0	0	-1	img_PX4_2__0_1773041158299808600.png
PX4_3	1773041156587	0	0	0.573961	0.707107	0	0	-0.707107	img_PX4_3__0_1773041158378990400.png
PX4_4	1773041156662	0	0	0.573961	0.707107	0	0	0.707107	img_PX4_4__0_1773041158457233200.png
PX4_1	1773041156731	33.508	7.76324	-9.2727	0.991911	-0.030836	0.120541	-0.0251392	img_PX4_1__0_1773041158526044400.png
PX4_2	1773041156806	0	0	0.573961	3.57628e-07	0	0	-1	img_PX4_2__0_1773041158602007700.png
PX4_3	1773041156893	0	0	0.573961	0.707107	0	0	-0.707107	img_PX4_3__0_1773041158689788000.png
PX4_4	1773041156971	0	0	0.573961	0.707107	0	0	0.707107	img_PX4_4__0_1773041158768301700.png
PX4_1	1773041157046	33.3895	7.0345	-9.2526	0.996401	0.0831304	-0.0164859	-0.00161115	img_PX4_1__0_1773041158843036800.png
PX4_2	1773041157118	0	0	0.573961	3.57628e-07	0	0	-1	img_PX4_2__0_1773041158919363900.png
PX4_3	1773041157202	0	0	0.573961	0.707107	0	0	-0.707107	img_PX4_3__0_1773041159007199200.png
PX4_4	1773041157295	0	0	0.573961	0.707107	0	0	0.707107	img_PX4_4__0_1773041159102375800.png
PX4_1	1773041157373	33.2558	6.40454	-9.24268	0.998318	0.0397917	-0.00759547	0.0414628	img_PX4_1__0_1773041159184843300.png
PX4_2	1773041157472	0	0	0.573961	3.57628e-07	0	0	-1	img_PX4_2__0_1773041159283846100.png
PX4_3	1773041157553	0	0	0.573961	0.707107	0	0	-0.707107	img_PX4_3__0_1773041159364505700.png
PX4_4	1773041157643	0	0	0.573961	0.707107	0	0	0.707107	img_PX4_4__0_1773041159455422300.png
PX4_1	1773041157718	33.1358	5.85906	-9.25198	0.996454	0.0555339	-0.00959889	0.0624811	img_PX4_1__0_1773041159530394400.png
PX4_2	1773041157811	0	0	0.573961	3.57628e-07	0	0	-1	img_PX4_2__0_1773041159625439500.png
PX4_3	1773041157895	0	0	0.573961	0.707107	0	0	-0.707107	img_PX4_3__0_1773041159714838800.png
PX4_4	1773041157988	0	0	0.573961	0.707107	0	0	0.707107	img_PX4_4__0_1773041159807978800.png
PX4_1	1773041158060	33.0309	5.44329	-9.274	0.997359	0.0356748	-0.0138755	0.061723	img_PX4_1__0_1773041159880867100.png
PX4_2	1773041158147	0	0	0.573961	3.57628e-07	0	0	-1	img_PX4_2__0_1773041159966524900.png
PX4_3	1773041158234	0	0	0.573961	0.707107	0	0	-0.707107	img_PX4_3__0_1773041160055586300.png
PX4_4	1773041158336	0	0	0.573961	0.707107	0	0	0.707107	img_PX4_4__0_1773041160161979700.png
PX4_1	1773041158408	32.9509	5.10855	-9.30544	0.99764	0.0250493	-0.0256571	0.0585629	img_PX4_1__0_1773041160235453600.png
PX4_2	1773041158483	0	0	0.573961	3.57628e-07	0	0	-1	img_PX4_2__0_1773041160311390200.png
PX4_3	1773041158528	0	0	0.573961	0.707107	0	0	-0.707107	img_PX4_3__0_1773041160358797300.png
PX4_4	1773041158606	0	0	0.573961	0.707107	0	0	0.707107	img_PX4_4__0_1773041160439267000.png
PX4_1	1773041158672	32.9243	4.89788	-9.33444	0.997297	0.0291185	-0.0370126	0.0563965	img_PX4_1__0_1773041160506037500.png
PX4_2	1773041158744	0	0	0.573961	3.57628e-07	0	0	-1	img_PX4_2__0_1773041160580560400.png
PX4_3	1773041158825	0	0	0.573961	0.707107	0	0	-0.707107	img_PX4_3__0_1773041160661031100.png
PX4_4	1773041158897	0	0	0.573961	0.707107	0	0	0.707107	img_PX4_4__0_1773041160736662700.png
PX4_1	1773041158972	32.9512	4.70987	-9.37005	0.997511	0.0275064	-0.0351937	0.0545511	img_PX4_1__0_1773041160812335700.png
PX4_2	1773041159053	0	0	0.573961	3.57628e-07	0	0	-1	img_PX4_2__0_1773041160891593600.png
PX4_3	1773041159134	0	0	0.573961	0.707107	0	0	-0.707107	img_PX4_3__0_1773041160977702400.png
PX4_4	1773041159215	0	0	0.573961	0.707107	0	0	0.707107	img_PX4_4__0_1773041161059108700.png
PX4_1	1773041159296	33.0473	4.56674	-9.40865	0.997486	0.032334	-0.0334178	0.0534755	img_PX4_1__0_1773041161139623400.png
PX4_2	1773041159389	0	0	0.573961	3.57628e-07	0	0	-1	img_PX4_2__0_1773041161237576700.png
PX4_3	1773041159482	0	0	0.573961	0.707107	0	0	-0.707107	img_PX4_3__0_1773041161331335300.png
PX4_4	1773041159560	0	0	0.573961	0.707107	0	0	0.707107	img_PX4_4__0_1773041161414002000.png
PX4_1	1773041159635	33.2166	4.49402	-9.44319	0.997042	0.0471812	-0.028805	0.0533986	img_PX4_1__0_1773041161490036800.png
PX4_2	1773041159707	0	0	0.573961	3.57628e-07	0	0	-1	img_PX4_2__0_1773041161565503800.png
PX4_3	1773041159779	0	0	0.573961	0.707107	0	0	-0.707107	img_PX4_3__0_1773041161636503300.png
PX4_4	1773041159854	0	0	0.573961	0.707107	0	0	0.707107	img_PX4_4__0_1773041161712671400.png
PX4_1	1773041159923	33.4065	4.51633	-9.46239	0.99633	0.0602087	-0.0205114	0.0572795	img_PX4_1__0_1773041161781881200.png
PX4_2	1773041159998	0	0	0.573961	3.57628e-07	0	0	-1	img_PX4_2__0_1773041161857428800.png
PX4_3	1773041160079	0	0	0.573961	0.707107	0	0	-0.707107	img_PX4_3__0_1773041161939845300.png
PX4_4	1773041160154	0	0	0.573961	0.707107	0	0	0.707107	img_PX4_4__0_1773041162017427500.png
PX4_1	1773041160229	33.6371	4.64723	-9.46934	0.995619	0.0672371	-0.00625462	0.0646712	img_PX4_1__0_1773041162094124500.png
PX4_2	1773041160322	0	0	0.573961	3.57628e-07	0	0	-1	img_PX4_2__0_1773041162189644100.png
PX4_3	1773041160403	0	0	0.573961	0.707107	0	0	-0.707107	img_PX4_3__0_1773041162271909100.png
PX4_4	1773041160475	0	0	0.573961	0.707107	0	0	0.707107	img_PX4_4__0_1773041162342828000.png
PX4_1	1773041160544	33.8767	4.90932	-9.462	0.994981	0.0695471	0.0143456	0.0704939	img_PX4_1__0_1773041162417725800.png
PX4_2	1773041160625	0	0	0.573961	3.57628e-07	0	0	-1	img_PX4_2__0_1773041162499521800.png
PX4_3	1773041160706	0	0	0.573961	0.707107	0	0	-0.707107	img_PX4_3__0_1773041162583529100.png
PX4_4	1773041160787	0	0	0.573961	0.707107	0	0	0.707107	img_PX4_4__0_1773041162667268600.png
PX4_1	1773041160865	34.0815	5.31005	-9.44237	0.994485	0.0566577	0.049515	0.0730579	img_PX4_1__0_1773041162745601600.png
PX4_2	1773041160943	0	0	0.573961	3.57628e-07	0	0	-1	img_PX4_2__0_1773041162824702000.png
PX4_3	1773041161024	0	0	0.573961	0.707107	0	0	-0.707107	img_PX4_3__0_1773041162908615800.png
PX4_4	1773041161111	0	0	0.573961	0.707107	0	0	0.707107	img_PX4_4__0_1773041162996069900.png
PX4_1	1773041161183	34.1576	5.80137	-9.41866	0.98176	0.011336	0.173577	0.0767472	img_PX4_1__0_1773041163070282600.png
PX4_2	1773041161276	0	0	0.573961	3.57628e-07	0	0	-1	img_PX4_2__0_1773041163166546200.png
PX4_3	1773041161354	0	0	0.573961	0.707107	0	0	-0.707107	img_PX4_3__0_1773041163245593300.png
PX4_4	1773041161432	0	0	0.573961	0.707107	0	0	0.707107	img_PX4_4__0_1773041163328322300.png
PX4_1	1773041161498	33.8879	6.29488	-9.3846	0.964081	0.0294507	0.255339	0.0669537	img_PX4_1__0_1773041163395844300.png
PX4_2	1773041161579	0	0	0.573961	3.57628e-07	0	0	-1	img_PX4_2__0_1773041163475977200.png
PX4_3	1773041161654	0	0	0.573961	0.707107	0	0	-0.707107	img_PX4_3__0_1773041163552942600.png
PX4_4	1773041161729	0	0	0.573961	0.707107	0	0	0.707107	img_PX4_4__0_1773041163626858300.png
PX4_1	1773041161801	33.1601	6.78749	-9.31327	0.975993	0.0258465	0.205655	0.066899	img_PX4_1__0_1773041163701451100.png
PX4_2	1773041161882	0	0	0.573961	3.57628e-07	0	0	-1	img_PX4_2__0_1773041163781512600.png
PX4_3	1773041161966	0	0	0.573961	0.707107	0	0	-0.707107	img_PX4_3__0_1773041163868477800.png
PX4_4	1773041162038	0	0	0.573961	0.707107	0	0	0.707107	img_PX4_4__0_1773041163940651600.png
PX4_1	1773041162110	32.4761	7.10185	-9.25404	0.98213	-0.00773924	0.172851	0.0740548	img_PX4_1__0_1773041164012102800.png
PX4_2	1773041162179	0	0	0.573961	3.57628e-07	0	0	-1	img_PX4_2__0_1773041164081743500.png
PX4_3	1773041162260	0	0	0.573961	0.707107	0	0	-0.707107	img_PX4_3__0_1773041164164288500.png
PX4_4	1773041162341	0	0	0.573961	0.707107	0	0	0.707107	img_PX4_4__0_1773041164252281900.png
PX4_1	1773041162410	31.1208	7.26255	-9.01544	0.985826	-0.0100454	0.156967	0.0583812	img_PX4_1__0_1773041164321559700.png
PX4_2	1773041162494	0	0	0.573961	3.57628e-07	0	0	-1	img_PX4_2__0_1773041164407197100.png
PX4_3	1773041162566	0	0	0.573961	0.707107	0	0	-0.707107	img_PX4_3__0_1773041164481681000.png
PX4_4	1773041162644	0	0	0.573961	0.707107	0	0	0.707107	img_PX4_4__0_1773041164560643800.png
PX4_1	1773041162719	29.4394	7.39457	-8.78327	0.992794	0.00904023	0.107671	0.0518243	img_PX4_1__0_1773041164636407800.png
PX4_2	1773041162794	0	0	0.573961	3.57628e-07	0	0	-1	img_PX4_2__0_1773041164713878700.png
PX4_3	1773041162872	0	0	0.573961	0.707107	0	0	-0.707107	img_PX4_3__0_1773041164791914000.png
PX4_4	1773041162956	0	0	0.573961	0.707107	0	0	0.707107	img_PX4_4__0_1773041164876057000.png
PX4_1	1773041163022	27.6172	7.5271	-8.59156	0.998335	0.00814319	-0.0186485	0.0539788	img_PX4_1__0_1773041164946354800.png
PX4_2	1773041163112	0	0	0.573961	3.57628e-07	0	0	-1	img_PX4_2__0_1773041165035120400.png
PX4_3	1773041163199	0	0	0.573961	0.707107	0	0	-0.707107	img_PX4_3__0_1773041165125934600.png
PX4_4	1773041163283	0	0	0.573961	0.707107	0	0	0.707107	img_PX4_4__0_1773041165212327700.png
PX4_1	1773041163361	25.6563	7.692	-8.47767	0.985779	-0.0231601	-0.157391	0.0541393	img_PX4_1__0_1773041165290580800.png
PX4_2	1773041163439	0	0	0.573961	3.57628e-07	0	0	-1	img_PX4_2__0_1773041165370552000.png
PX4_3	1773041163520	0	0	0.573961	0.707107	0	0	-0.707107	img_PX4_3__0_1773041165448835900.png
PX4_4	1773041163589	0	0	0.573961	0.707107	0	0	0.707107	img_PX4_4__0_1773041165519933900.png
PX4_1	1773041163655	24.2925	7.80563	-8.48969	0.968189	-0.0561642	-0.239245	0.0470888	img_PX4_1__0_1773041165587479700.png
PX4_2	1773041163730	0	0	0.573961	3.57628e-07	0	0	-1	img_PX4_2__0_1773041165661886900.png
PX4_3	1773041163805	0	0	0.573961	0.707107	0	0	-0.707107	img_PX4_3__0_1773041165738358300.png
PX4_4	1773041163871	0	0	0.573961	0.707107	0	0	0.707107	img_PX4_4__0_1773041165806481400.png
PX4_1	1773041163925	23.7337	7.83565	-8.52223	0.976288	-0.0427947	-0.207036	0.0465438	img_PX4_1__0_1773041165864608800.png
PX4_2	1773041164018	0	0	0.573961	3.57628e-07	0	0	-1	img_PX4_2__0_1773041165961826400.png
PX4_3	1773041164102	0	0	0.573961	0.707107	0	0	-0.707107	img_PX4_3__0_1773041166047031500.png
PX4_4	1773041164201	0	0	0.573961	0.707107	0	0	0.707107	img_PX4_4__0_1773041166148517300.png
PX4_1	1773041164291	23.7461	7.82322	-8.53849	0.983813	-0.0346366	-0.172404	0.0344738	img_PX4_1__0_1773041166238166600.png
PX4_2	1773041164384	0	0	0.573961	3.57628e-07	0	0	-1	img_PX4_2__0_1773041166338386700.png
PX4_3	1773041164477	0	0	0.573961	0.707107	0	0	-0.707107	img_PX4_3__0_1773041166429626300.png
PX4_4	1773041164561	0	0	0.573961	0.707107	0	0	0.707107	img_PX4_4__0_1773041166516918600.png
PX4_1	1773041164633	23.9516	7.71652	-8.63707	0.991433	-0.0310596	-0.121875	0.0352472	img_PX4_1__0_1773041166590602600.png
PX4_2	1773041164723	0	0	0.573961	3.57628e-07	0	0	-1	img_PX4_2__0_1773041166683413200.png
PX4_3	1773041164810	0	0	0.573961	0.707107	0	0	-0.707107	img_PX4_3__0_1773041166771946800.png
PX4_4	1773041164894	0	0	0.573961	0.707107	0	0	0.707107	img_PX4_4__0_1773041166855539500.png
PX4_1	1773041164963	24.4221	7.55695	-8.73366	0.997459	-0.0148791	-0.0527866	0.0454648	img_PX4_1__0_1773041166925967400.png
PX4_2	1773041165056	0	0	0.573961	3.57628e-07	0	0	-1	img_PX4_2__0_1773041167022662100.png
PX4_3	1773041165137	0	0	0.573961	0.707107	0	0	-0.707107	img_PX4_3__0_1773041167107213300.png
PX4_4	1773041165224	0	0	0.573961	0.707107	0	0	0.707107	img_PX4_4__0_1773041167193972200.png
PX4_1	1773041165296	25.015	7.36881	-8.84188	0.998448	0.00551978	0.0109608	0.0543309	img_PX4_1__0_1773041167267487900.png
PX4_2	1773041165380	0	0	0.573961	3.57628e-07	0	0	-1	img_PX4_2__0_1773041167352903900.png
PX4_3	1773041165458	0	0	0.573961	0.707107	0	0	-0.707107	img_PX4_3__0_1773041167433161500.png
PX4_4	1773041165542	0	0	0.573961	0.707107	0	0	0.707107	img_PX4_4__0_1773041167520198800.png
PX4_1	1773041165617	25.5609	7.19857	-8.96168	0.995025	0.031038	0.0762716	0.0560779	img_PX4_1__0_1773041167593948500.png
PX4_2	1773041165701	0	0	0.573961	3.57628e-07	0	0	-1	img_PX4_2__0_1773041167682167000.png
PX4_3	1773041165788	0	0	0.573961	0.707107	0	0	-0.707107	img_PX4_3__0_1773041167767662000.png
PX4_4	1773041165863	0	0	0.573961	0.707107	0	0	0.707107	img_PX4_4__0_1773041167845077200.png
PX4_1	1773041165938	25.9513	7.08174	-9.08945	0.990573	0.0466858	0.116296	0.0553188	img_PX4_1__0_1773041167920905600.png
PX4_2	1773041166028	0	0	0.573961	3.57628e-07	0	0	-1	img_PX4_2__0_1773041168010158900.png
PX4_3	1773041166109	0	0	0.573961	0.707107	0	0	-0.707107	img_PX4_3__0_1773041168093172100.png
PX4_4	1773041166202	0	0	0.573961	0.707107	0	0	0.707107	img_PX4_4__0_1773041168191437700.png
PX4_1	1773041166286	26.1025	7.04615	-9.2197	0.988556	0.0486572	0.131615	0.0553806	img_PX4_1__0_1773041168277556200.png
PX4_2	1773041166382	0	0	0.573961	3.57628e-07	0	0	-1	img_PX4_2__0_1773041168373545800.png
PX4_3	1773041166466	0	0	0.573961	0.707107	0	0	-0.707107	img_PX4_3__0_1773041168461542900.png
PX4_4	1773041166544	0	0	0.573961	0.707107	0	0	0.707107	img_PX4_4__0_1773041168540778600.png
PX4_1	1773041166622	25.9483	7.10375	-9.32273	0.989978	0.0398788	0.123071	0.0566326	img_PX4_1__0_1773041168619090400.png
PX4_2	1773041166706	0	0	0.573961	3.57628e-07	0	0	-1	img_PX4_2__0_1773041168703474100.png
PX4_3	1773041166781	0	0	0.573961	0.707107	0	0	-0.707107	img_PX4_3__0_1773041168777513900.png
PX4_4	1773041166862	0	0	0.573961	0.707107	0	0	0.707107	img_PX4_4__0_1773041168859997500.png
PX4_1	1773041166925	25.5738	7.2176	-9.39015	0.993103	0.0241748	0.098156	0.0593932	img_PX4_1__0_1773041168927035400.png
PX4_2	1773041167000	0	0	0.573961	3.57628e-07	0	0	-1	img_PX4_2__0_1773041169000134300.png
PX4_3	1773041167075	0	0	0.573961	0.707107	0	0	-0.707107	img_PX4_3__0_1773041169078748200.png
PX4_4	1773041167162	0	0	0.573961	0.707107	0	0	0.707107	img_PX4_4__0_1773041169164257300.png
PX4_1	1773041167246	24.9879	7.37282	-9.43631	0.996267	0.00336516	0.0592656	0.0626719	img_PX4_1__0_1773041169251260100.png
PX4_2	1773041167336	0	0	0.573961	3.57628e-07	0	0	-1	img_PX4_2__0_1773041169341244400.png
PX4_3	1773041167411	0	0	0.573961	0.707107	0	0	-0.707107	img_PX4_3__0_1773041169416834800.png
PX4_4	1773041167498	0	0	0.573961	0.707107	0	0	0.707107	img_PX4_4__0_1773041169509289500.png
PX4_1	1773041167567	24.2865	7.52771	-9.46266	0.997738	-0.0176566	0.0136546	0.0634091	img_PX4_1__0_1773041169577047500.png
PX4_2	1773041167648	0	0	0.573961	3.57628e-07	0	0	-1	img_PX4_2__0_1773041169662796100.png
PX4_3	1773041167729	0	0	0.573961	0.707107	0	0	-0.707107	img_PX4_3__0_1773041169743518400.png
PX4_4	1773041167804	0	0	0.573961	0.707107	0	0	0.707107	img_PX4_4__0_1773041169823637900.png
PX4_1	1773041167882	23.5757	7.64501	-9.47601	0.997073	-0.0339964	-0.0304473	0.0613466	img_PX4_1__0_1773041169900867400.png
PX4_2	1773041167975	0	0	0.573961	3.57628e-07	0	0	-1	img_PX4_2__0_1773041169997258500.png
PX4_3	1773041168068	0	0	0.573961	0.707107	0	0	-0.707107	img_PX4_3__0_1773041170090295500.png
PX4_4	1773041168170	0	0	0.573961	0.707107	0	0	0.707107	img_PX4_4__0_1773041170195819100.png
PX4_1	1773041168260	22.8139	7.70315	-9.48263	0.994558	-0.0460888	-0.0722726	0.0592117	img_PX4_1__0_1773041170287193100.png
PX4_2	1773041168353	0	0	0.573961	3.57628e-07	0	0	-1	img_PX4_2__0_1773041170380507200.png
PX4_3	1773041168428	0	0	0.573961	0.707107	0	0	-0.707107	img_PX4_3__0_1773041170457873300.png
PX4_4	1773041168524	0	0	0.573961	0.707107	0	0	0.707107	img_PX4_4__0_1773041170557956300.png
PX4_1	1773041168596	22.3115	7.65819	-9.48395	0.992283	-0.0482867	-0.0986771	0.0574987	img_PX4_1__0_1773041170631136800.png
