VehicleName	TimeStamp	POS_X	POS_Y	POS_Z	Q_W	Q_X	Q_Y	Q_Z	ImageFile
PX4_2	1773041173316	0	0	0.573961	3.57628e-07	0	0	-1	img_PX4_2__0_1773041175434411700.png
PX4_3	1773041173373	0	0	0.573961	0.707107	0	0	-0.707107	img_PX4_3__0_1773041175490725700.png
PX4_4	1773041173466	0	0	0.573961	0.707107	0	0	0.707107	img_PX4_4__0_1773041175582740900.png
PX4_1	1773041173538	23.5388	7.62667	-9.55259	0.998045	-0.0397021	-0.0254186	0.0410342	img_PX4_1__0_1773041175660046000.png
PX4_2	1773041173619	0	0	0.573961	3.57628e-07	0	0	-1	img_PX4_2__0_1773041175743936400.png
PX4_3	1773041173703	0	0	0.573961	0.707107	0	0	-0.707107	img_PX4_3__0_1773041175826752000.png
PX4_4	1773041173775	0	0	0.573961	0.707107	0	0	0.707107	img_PX4_4__0_1773041175900642400.png
PX4_1	1773041173844	23.2502	7.61196	-9.5426	0.997632	-0.0370029	-0.042589	0.0393423	img_PX4_1__0_1773041175970997900.png
PX4_2	1773041173928	0	0	0.573961	3.57628e-07	0	0	-1	img_PX4_2__0_1773041176056758600.png
PX4_3	1773041173979	0	0	0.573961	0.707107	0	0	-0.707107	img_PX4_3__0_1773041176107437600.png
PX4_4	1773041174075	0	0	0.573961	0.707107	0	0	0.707107	img_PX4_4__0_1773041176206967100.png
PX4_1	1773041174156	23.0386	7.53085	-9.52872	0.997396	-0.0295056	-0.0539128	0.0377489	img_PX4_1__0_1773041176288552200.png
PX4_2	1773041174243	0	0	0.573961	3.57628e-07	0	0	-1	img_PX4_2__0_1773041176376716000.png
PX4_3	1773041174327	0	0	0.573961	0.707107	0	0	-0.707107	img_PX4_3__0_1773041176463177400.png
PX4_4	1773041174411	0	0	0.573961	0.707107	0	0	0.707107	img_PX4_4__0_1773041176549183200.png
PX4_1	1773041174489	22.928	7.38723	-9.51162	0.997483	-0.0176663	-0.0577502	0.0371647	img_PX4_1__0_1773041176628562800.png
PX4_2	1773041174579	0	0	0.573961	3.57628e-07	0	0	-1	img_PX4_2__0_1773041176720613100.png
PX4_3	1773041174669	0	0	0.573961	0.707107	0	0	-0.707107	img_PX4_3__0_1773041176809952600.png
PX4_4	1773041174753	0	0	0.573961	0.707107	0	0	0.707107	img_PX4_4__0_1773041176898049200.png
PX4_1	1773041174831	22.9455	7.20506	-9.49374	0.997887	-0.0030439	-0.0523653	0.0383378	img_PX4_1__0_1773041176978025900.png
PX4_2	1773041174915	0	0	0.573961	3.57628e-07	0	0	-1	img_PX4_2__0_1773041177062827600.png
PX4_3	1773041175014	0	0	0.573961	0.707107	0	0	-0.707107	img_PX4_3__0_1773041177161010600.png
PX4_4	1773041175104	0	0	0.573961	0.707107	0	0	0.707107	img_PX4_4__0_1773041177253502300.png
PX4_1	1773041175182	23.0879	7.01591	-9.47768	0.998301	0.0120589	-0.0393454	0.0412425	img_PX4_1__0_1773041177333547900.png
PX4_2	1773041175260	0	0	0.573961	3.57628e-07	0	0	-1	img_PX4_2__0_1773041177414323700.png
PX4_3	1773041175344	0	0	0.573961	0.707107	0	0	-0.707107	img_PX4_3__0_1773041177497606500.png
PX4_4	1773041175422	0	0	0.573961	0.707107	0	0	0.707107	img_PX4_4__0_1773041177575933000.png
PX4_1	1773041175482	23.2855	6.87887	-9.46781	0.998453	0.0229534	-0.02445	0.0443424	img_PX4_1__0_1773041177636643700.png
PX4_2	1773041175557	0	0	0.573961	3.57628e-07	0	0	-1	img_PX4_2__0_1773041177714812100.png
PX4_3	1773041175635	0	0	0.573961	0.707107	0	0	-0.707107	img_PX4_3__0_1773041177794146100.png
PX4_4	1773041175695	0	0	0.573961	0.707107	0	0	0.707107	img_PX4_4__0_1773041177853864500.png
PX4_1	1773041175737	23.4872	6.79499	-9.46336	0.998419	0.0294179	-0.010024	0.0468451	img_PX4_1__0_1773041177898407900.png
PX4_2	1773041175824	0	0	0.573961	3.57628e-07	0	0	-1	img_PX4_2__0_1773041177984633300.png
PX4_3	1773041175902	0	0	0.573961	0.707107	0	0	-0.707107	img_PX4_3__0_1773041178064554800.png
PX4_4	1773041175983	0	0	0.573961	0.707107	0	0	0.707107	img_PX4_4__0_1773041178149285500.png
PX4_1	1773041176064	23.7592	6.74357	-9.46335	0.998199	0.032917	0.00904274	0.049329	img_PX4_1__0_1773041178230394800.png
PX4_2	1773041176148	0	0	0.573961	3.57628e-07	0	0	-1	img_PX4_2__0_1773041178315250000.png
PX4_3	1773041176229	0	0	0.573961	0.707107	0	0	-0.707107	img_PX4_3__0_1773041178398103100.png
PX4_4	1773041176316	0	0	0.573961	0.707107	0	0	0.707107	img_PX4_4__0_1773041178489158100.png
PX4_1	1773041176391	24.0071	6.75935	-9.46894	0.997894	0.0314335	0.0251229	0.0508855	img_PX4_1__0_1773041178561229400.png
PX4_2	1773041176469	0	0	0.573961	3.57628e-07	0	0	-1	img_PX4_2__0_1773041178642049600.png
PX4_3	1773041176553	0	0	0.573961	0.707107	0	0	-0.707107	img_PX4_3__0_1773041178727769500.png
PX4_4	1773041176640	0	0	0.573961	0.707107	0	0	0.707107	img_PX4_4__0_1773041178813690800.png
PX4_1	1773041176721	24.2034	6.83884	-9.47876	0.997643	0.0255192	0.0369179	0.0519026	img_PX4_1__0_1773041178896667600.png
PX4_2	1773041176805	0	0	0.573961	3.57628e-07	0	0	-1	img_PX4_2__0_1773041178981704600.png
PX4_3	1773041176886	0	0	0.573961	0.707107	0	0	-0.707107	img_PX4_3__0_1773041179064459800.png
PX4_4	1773041176976	0	0	0.573961	0.707107	0	0	0.707107	img_PX4_4__0_1773041179158154000.png
PX4_1	1773041177051	24.3194	6.96992	-9.49097	0.99757	0.0162115	0.042524	0.0527635	img_PX4_1__0_1773041179234482700.png
PX4_2	1773041177135	0	0	0.573961	3.57628e-07	0	0	-1	img_PX4_2__0_1773041179320624600.png
PX4_3	1773041177204	0	0	0.573961	0.707107	0	0	-0.707107	img_PX4_3__0_1773041179391500300.png
PX4_4	1773041177285	0	0	0.573961	0.707107	0	0	0.707107	img_PX4_4__0_1773041179472875700.png
PX4_1	1773041177360	24.3438	7.11908	-9.50255	0.997671	0.00535859	0.0418127	0.0536279	img_PX4_1__0_1773041179549786800.png
PX4_2	1773041177444	0	0	0.573961	3.57628e-07	0	0	-1	img_PX4_2__0_1773041179635093500.png
PX4_3	1773041177522	0	0	0.573961	0.707107	0	0	-0.707107	img_PX4_3__0_1773041179715421000.png
PX4_4	1773041177612	0	0	0.573961	0.707107	0	0	0.707107	img_PX4_4__0_1773041179804489400.png
PX4_1	1773041177693	24.283	7.28594	-9.51327	0.997883	-0.00598085	0.0350826	0.0544248	img_PX4_1__0_1773041179885180000.png
PX4_2	1773041177786	0	0	0.573961	3.57628e-07	0	0	-1	img_PX4_2__0_1773041179980303300.png
PX4_3	1773041177867	0	0	0.573961	0.707107	0	0	-0.707107	img_PX4_3__0_1773041180061511400.png
PX4_4	1773041177960	0	0	0.573961	0.707107	0	0	0.707107	img_PX4_4__0_1773041180156885400.png
PX4_1	1773041178041	24.1415	7.44091	-9.52096	0.9981	-0.015792	0.0234337	0.0547548	img_PX4_1__0_1773041180241660300.png
PX4_2	1773041178128	0	0	0.573961	3.57628e-07	0	0	-1	img_PX4_2__0_1773041180333517200.png
PX4_3	1773041178224	0	0	0.573961	0.707107	0	0	-0.707107	img_PX4_3__0_1773041180427248600.png
PX4_4	1773041178314	0	0	0.573961	0.707107	0	0	0.707107	img_PX4_4__0_1773041180518685500.png
PX4_1	1773041178395	23.9407	7.5599	-9.52452	0.998231	-0.0228393	0.00890078	0.0541611	img_PX4_1__0_1773041180601290800.png
PX4_2	1773041178473	0	0	0.573961	3.57628e-07	0	0	-1	img_PX4_2__0_1773041180682307700.png
PX4_3	1773041178536	0	0	0.573961	0.707107	0	0	-0.707107	img_PX4_3__0_1773041180744524100.png
PX4_4	1773041178590	0	0	0.573961	0.707107	0	0	0.707107	img_PX4_4__0_1773041180799076100.png
PX4_1	1773041178662	23.7759	7.61208	-9.52425	0.998272	-0.0250221	-0.00232204	0.0531173	img_PX4_1__0_1773041180871819000.png
PX4_2	1773041178746	0	0	0.573961	3.57628e-07	0	0	-1	img_PX4_2__0_1773041180955862100.png
PX4_3	1773041178821	0	0	0.573961	0.707107	0	0	-0.707107	img_PX4_3__0_1773041181032335400.png
PX4_4	1773041178899	0	0	0.573961	0.707107	0	0	0.707107	img_PX4_4__0_1773041181113843200.png
PX4_1	1773041178953	23.6024	7.62975	-9.5213	0.99827	-0.0246404	-0.0134807	0.0516485	img_PX4_1__0_1773041181166649200.png
PX4_2	1773041179040	0	0	0.573961	3.57628e-07	0	0	-1	img_PX4_2__0_1773041181256719000.png
PX4_3	1773041179121	0	0	0.573961	0.707107	0	0	-0.707107	img_PX4_3__0_1773041181337048800.png
PX4_4	1773041179199	0	0	0.573961	0.707107	0	0	0.707107	img_PX4_4__0_1773041181416860600.png
PX4_1	1773041179259	23.4463	7.60613	-9.51561	0.998263	-0.0209606	-0.0226975	0.0501744	img_PX4_1__0_1773041181476991200.png
PX4_2	1773041179343	0	0	0.573961	3.57628e-07	0	0	-1	img_PX4_2__0_1773041181564229900.png
PX4_3	1773041179436	0	0	0.573961	0.707107	0	0	-0.707107	img_PX4_3__0_1773041181657994600.png
PX4_4	1773041179517	0	0	0.573961	0.707107	0	0	0.707107	img_PX4_4__0_1773041181739116100.png
PX4_1	1773041179595	23.3247	7.53901	-9.50688	0.998263	-0.0147217	-0.0289939	0.0491341	img_PX4_1__0_1773041181819057300.png
PX4_2	1773041179688	0	0	0.573961	3.57628e-07	0	0	-1	img_PX4_2__0_1773041181911085000.png
PX4_3	1773041179784	0	0	0.573961	0.707107	0	0	-0.707107	img_PX4_3__0_1773041182006198500.png
PX4_4	1773041179862	0	0	0.573961	0.707107	0	0	0.707107	img_PX4_4__0_1773041182088325400.png
PX4_1	1773041179949	23.2669	7.43792	-9.49635	0.99831	-0.00656112	-0.0304377	0.0490616	img_PX4_1__0_1773041182176190800.png
PX4_2	1773041180039	0	0	0.573961	3.57628e-07	0	0	-1	img_PX4_2__0_1773041182268948600.png
PX4_3	1773041180126	0	0	0.573961	0.707107	0	0	-0.707107	img_PX4_3__0_1773041182357293600.png
PX4_4	1773041180183	0	0	0.573961	0.707107	0	0	0.707107	img_PX4_4__0_1773041182414054200.png
PX4_1	1773041180225	23.2737	7.34785	-9.48846	0.998363	0.000510672	-0.0281447	0.0497935	img_PX4_1__0_1773041182459551800.png
PX4_2	1773041180303	0	0	0.573961	3.57628e-07	0	0	-1	img_PX4_2__0_1773041182540555600.png
PX4_3	1773041180387	0	0	0.573961	0.707107	0	0	-0.707107	img_PX4_3__0_1773041182625294400.png
PX4_4	1773041180477	0	0	0.573961	0.707107	0	0	0.707107	img_PX4_4__0_1773041182718681900.png
PX4_1	1773041180546	23.3339	7.24838	-9.48102	0.998409	0.00809806	-0.0219822	0.0512941	img_PX4_1__0_1773041182789863100.png
PX4_2	1773041180639	0	0	0.573961	3.57628e-07	0	0	-1	img_PX4_2__0_1773041182884216400.png
PX4_3	1773041180720	0	0	0.573961	0.707107	0	0	-0.707107	img_PX4_3__0_1773041182965407300.png
PX4_4	1773041180813	0	0	0.573961	0.707107	0	0	0.707107	img_PX4_4__0_1773041183060309100.png
PX4_1	1773041180897	23.4489	7.16111	-9.47574	0.998394	0.0145027	-0.0127926	0.0532444	img_PX4_1__0_1773041183146976100.png
PX4_2	1773041180996	0	0	0.573961	3.57628e-07	0	0	-1	img_PX4_2__0_1773041183247080500.png
PX4_3	1773041181080	0	0	0.573961	0.707107	0	0	-0.707107	img_PX4_3__0_1773041183331031600.png
PX4_4	1773041181170	0	0	0.573961	0.707107	0	0	0.707107	img_PX4_4__0_1773041183425631900.png
PX4_1	1773041181248	23.5927	7.10988	-9.47385	0.998315	0.0181669	-0.00206148	0.0550747	img_PX4_1__0_1773041183503622500.png
PX4_2	1773041181350	0	0	0.573961	3.57628e-07	0	0	-1	img_PX4_2__0_1773041183608342300.png
PX4_3	1773041181443	0	0	0.573961	0.707107	0	0	-0.707107	img_PX4_3__0_1773041183702087700.png
PX4_4	1773041181539	0	0	0.573961	0.707107	0	0	0.707107	img_PX4_4__0_1773041183798103900.png
PX4_1	1773041181614	23.7451	7.10252	-9.47541	0.998195	0.0180433	0.00866971	0.05663	img_PX4_1__0_1773041183876090500.png
PX4_2	1773041181713	0	0	0.573961	3.57628e-07	0	0	-1	img_PX4_2__0_1773041183979811000.png
PX4_3	1773041181803	0	0	0.573961	0.707107	0	0	-0.707107	img_PX4_3__0_1773041184068492000.png
PX4_4	1773041181887	0	0	0.573961	0.707107	0	0	0.707107	img_PX4_4__0_1773041184154697800.png
PX4_1	1773041181971	23.8701	7.13931	-9.47975	0.998082	0.0147188	0.0167021	0.0577621	img_PX4_1__0_1773041184237468400.png
PX4_2	1773041182070	0	0	0.573961	3.57628e-07	0	0	-1	img_PX4_2__0_1773041184337385700.png
PX4_3	1773041182148	0	0	0.573961	0.707107	0	0	-0.707107	img_PX4_3__0_1773041184418930300.png
PX4_4	1773041182229	0	0	0.573961	0.707107	0	0	0.707107	img_PX4_4__0_1773041184497431900.png
PX4_1	1773041182298	23.9472	7.2033	-9.48532	0.998016	0.00991758	0.0208841	0.0585681	img_PX4_1__0_1773041184569015400.png
PX4_2	1773041182406	0	0	0.573961	3.57628e-07	0	0	-1	img_PX4_2__0_1773041184682799600.png
PX4_3	1773041182493	0	0	0.573961	0.707107	0	0	-0.707107	img_PX4_3__0_1773041184772219300.png
PX4_4	1773041182583	0	0	0.573961	0.707107	0	0	0.707107	img_PX4_4__0_1773041184863768400.png
PX4_1	1773041182661	23.9808	7.29533	-9.49181	0.997997	0.00380008	0.0217983	0.0592725	img_PX4_1__0_1773041184945956000.png
PX4_2	1773041182751	0	0	0.573961	3.57628e-07	0	0	-1	img_PX4_2__0_1773041185038851600.png
PX4_3	1773041182841	0	0	0.573961	0.707107	0	0	-0.707107	img_PX4_3__0_1773041185130688100.png
PX4_4	1773041182958	0	0	0.573961	0.707107	0	0	0.707107	img_PX4_4__0_1773041185254053400.png
PX4_1	1773041183033	23.9572	7.39638	-9.49759	0.998041	-0.00281609	0.0186241	0.0596545	img_PX4_1__0_1773041185334083900.png
PX4_2	1773041183135	0	0	0.573961	3.57628e-07	0	0	-1	img_PX4_2__0_1773041185438978200.png
PX4_3	1773041183222	0	0	0.573961	0.707107	0	0	-0.707107	img_PX4_3__0_1773041185527687200.png
PX4_4	1773041183336	0	0	0.573961	0.707107	0	0	0.707107	img_PX4_4__0_1773041185645778600.png
PX4_1	1773041183447	23.8735	7.49609	-9.50251	0.998121	-0.00892818	0.0118816	0.0594511	img_PX4_1__0_1773041185758071900.png
PX4_2	1773041183549	0	0	0.573961	3.57628e-07	0	0	-1	img_PX4_2__0_1773041185862285000.png
PX4_3	1773041183642	0	0	0.573961	0.707107	0	0	-0.707107	img_PX4_3__0_1773041185957116200.png
PX4_4	1773041183741	0	0	0.573961	0.707107	0	0	0.707107	img_PX4_4__0_1773041186057261400.png
PX4_1	1773041183828	23.7624	7.56026	-9.50554	0.998199	-0.0122638	0.00399181	0.0585935	img_PX4_1__0_1773041186146305700.png
PX4_2	1773041183921	0	0	0.573961	3.57628e-07	0	0	-1	img_PX4_2__0_1773041186244361400.png
PX4_3	1773041184011	0	0	0.573961	0.707107	0	0	-0.707107	img_PX4_3__0_1773041186334935800.png
PX4_4	1773041184083	0	0	0.573961	0.707107	0	0	0.707107	img_PX4_4__0_1773041186409618600.png
PX4_1	1773041184161	23.6569	7.58777	-9.50708	0.998249	-0.0134145	-0.00304675	0.0575379	img_PX4_1__0_1773041186491039400.png
PX4_2	1773041184254	0	0	0.573961	3.57628e-07	0	0	-1	img_PX4_2__0_1773041186585937200.png
PX4_3	1773041184353	0	0	0.573961	0.707107	0	0	-0.707107	img_PX4_3__0_1773041186683344800.png
PX4_4	1773041184464	0	0	0.573961	0.707107	0	0	0.707107	img_PX4_4__0_1773041186798707200.png
PX4_1	1773041184575	23.5385	7.58278	-9.50804	0.998291	-0.0117821	-0.0105392	0.0562675	img_PX4_1__0_1773041186915086500.png
PX4_2	1773041184686	0	0	0.573961	3.57628e-07	0	0	-1	img_PX4_2__0_1773041187035437900.png
PX4_3	1773041184803	0	0	0.573961	0.707107	0	0	-0.707107	img_PX4_3__0_1773041187160361400.png
PX4_4	1773041184932	0	0	0.573961	0.707107	0	0	0.707107	img_PX4_4__0_1773041187290401000.png
PX4_1	1773041185034	23.4505	7.53452	-9.50881	0.998325	-0.0071641	-0.0152307	0.0553567	img_PX4_1__0_1773041187395673300.png
PX4_2	1773041185142	0	0	0.573961	3.57628e-07	0	0	-1	img_PX4_2__0_1773041187505613400.png
PX4_3	1773041185238	0	0	0.573961	0.707107	0	0	-0.707107	img_PX4_3__0_1773041187602406600.png
PX4_4	1773041185334	0	0	0.573961	0.707107	0	0	0.707107	img_PX4_4__0_1773041187696821800.png
PX4_1	1773041185430	23.4247	7.4712	-9.50891	0.998351	-0.00221967	-0.0154676	0.0552345	img_PX4_1__0_1773041187799389400.png
PX4_2	1773041185547	0	0	0.573961	3.57628e-07	0	0	-1	img_PX4_2__0_1773041187921361100.png
PX4_3	1773041185646	0	0	0.573961	0.707107	0	0	-0.707107	img_PX4_3__0_1773041188029539900.png
PX4_4	1773041185754	0	0	0.573961	0.707107	0	0	0.707107	img_PX4_4__0_1773041188140560000.png
PX4_1	1773041185832	23.4468	7.40262	-9.50798	0.998365	0.00277595	-0.012211	0.055776	img_PX4_1__0_1773041188225591000.png
PX4_2	1773041185931	0	0	0.573961	3.57628e-07	0	0	-1	img_PX4_2__0_1773041188323133000.png
PX4_3	1773041186024	0	0	0.573961	0.707107	0	0	-0.707107	img_PX4_3__0_1773041188421177200.png
PX4_4	1773041186108	0	0	0.573961	0.707107	0	0	0.707107	img_PX4_4__0_1773041188505689000.png
PX4_1	1773041186186	23.498	7.35084	-9.50629	0.998344	0.00683936	-0.00767926	0.0565972	img_PX4_1__0_1773041188586875100.png
PX4_2	1773041186267	0	0	0.573961	3.57628e-07	0	0	-1	img_PX4_2__0_1773041188668391400.png
PX4_3	1773041186345	0	0	0.573961	0.707107	0	0	-0.707107	img_PX4_3__0_1773041188746509400.png
PX4_4	1773041186423	0	0	0.573961	0.707107	0	0	0.707107	img_PX4_4__0_1773041188828397200.png
PX4_1	1773041186495	23.5577	7.31974	-9.50408	0.998305	0.009111	-0.00314066	0.0574047	img_PX4_1__0_1773041188899810700.png
PX4_2	1773041186576	0	0	0.573961	3.57628e-07	0	0	-1	img_PX4_2__0_1773041188979921300.png
PX4_3	1773041186666	0	0	0.573961	0.707107	0	0	-0.707107	img_PX4_3__0_1773041189074310900.png
PX4_4	1773041186777	0	0	0.573961	0.707107	0	0	0.707107	img_PX4_4__0_1773041189188386600.png
PX4_1	1773041186873	23.6367	7.30513	-9.50084	0.998244	0.00984	0.00238537	0.0583736	img_PX4_1__0_1773041189285784500.png
PX4_2	1773041186966	0	0	0.573961	3.57628e-07	0	0	-1	img_PX4_2__0_1773041189381699800.png
PX4_3	1773041187053	0	0	0.573961	0.707107	0	0	-0.707107	img_PX4_3__0_1773041189471118600.png
PX4_4	1773041187137	0	0	0.573961	0.707107	0	0	0.707107	img_PX4_4__0_1773041189557338600.png
PX4_1	1773041187209	23.7008	7.31476	-9.49818	0.998188	0.00899601	0.00652445	0.0591358	img_PX4_1__0_1773041189633198000.png
PX4_2	1773041187299	0	0	0.573961	3.57628e-07	0	0	-1	img_PX4_2__0_1773041189720631400.png
PX4_3	1773041187380	0	0	0.573961	0.707107	0	0	-0.707107	img_PX4_3__0_1773041189804276500.png
PX4_4	1773041187461	0	0	0.573961	0.707107	0	0	0.707107	img_PX4_4__0_1773041189886738200.png
PX4_1	1773041187536	23.7485	7.34222	-9.49614	0.99815	0.0068231	0.00921934	0.0597143	img_PX4_1__0_1773041189961961900.png
PX4_2	1773041187620	0	0	0.573961	3.57628e-07	0	0	-1	img_PX4_2__0_1773041190048598600.png
PX4_3	1773041187710	0	0	0.573961	0.707107	0	0	-0.707107	img_PX4_3__0_1773041190144751300.png
PX4_4	1773041187803	0	0	0.573961	0.707107	0	0	0.707107	img_PX4_4__0_1773041190238523700.png
PX4_1	1773041187899	23.778	7.38732	-9.49447	0.998131	0.00389808	0.0104631	0.0600873	img_PX4_1__0_1773041190333952400.png
PX4_2	1773041187992	0	0	0.573961	3.57628e-07	0	0	-1	img_PX4_2__0_1773041190427901000.png
PX4_3	1773041188079	0	0	0.573961	0.707107	0	0	-0.707107	img_PX4_3__0_1773041190519917500.png
PX4_4	1773041188169	0	0	0.573961	0.707107	0	0	0.707107	img_PX4_4__0_1773041190609886700.png
PX4_1	1773041188247	23.7809	7.43927	-9.49312	0.998134	0.000399107	0.00994121	0.0602431	img_PX4_1__0_1773041190689247600.png
PX4_2	1773041188337	0	0	0.573961	3.57628e-07	0	0	-1	img_PX4_2__0_1773041190784228000.png
PX4_3	1773041188430	0	0	0.573961	0.707107	0	0	-0.707107	img_PX4_3__0_1773041190879218900.png
PX4_4	1773041188520	0	0	0.573961	0.707107	0	0	0.707107	img_PX4_4__0_1773041190970556000.png
PX4_1	1773041188610	23.759	7.49248	-9.49169	0.998154	-0.00323211	0.00783857	0.0601334	img_PX4_1__0_1773041191060711100.png
PX4_2	1773041188712	0	0	0.573961	3.57628e-07	0	0	-1	img_PX4_2__0_1773041191166357500.png
PX4_3	1773041188847	0	0	0.573961	0.707107	0	0	-0.707107	img_PX4_3__0_1773041191305435900.png
PX4_4	1773041188940	0	0	0.573961	0.707107	0	0	0.707107	img_PX4_4__0_1773041191403550000.png
PX4_1	1773041189021	23.7112	7.54123	-9.49026	0.998192	-0.00609285	0.0042583	0.0596518	img_PX4_1__0_1773041191487729500.png
PX4_2	1773041189111	0	0	0.573961	3.57628e-07	0	0	-1	img_PX4_2__0_1773041191579359100.png
PX4_3	1773041189192	0	0	0.573961	0.707107	0	0	-0.707107	img_PX4_3__0_1773041191663095000.png
PX4_4	1773041189270	0	0	0.573961	0.707107	0	0	0.707107	img_PX4_4__0_1773041191740997000.png
PX4_1	1773041189348	23.6633	7.56561	-9.48955	0.998226	-0.00728135	0.0010954	0.0590762	img_PX4_1__0_1773041191819392500.png
PX4_2	1773041189435	0	0	0.573961	3.57628e-07	0	0	-1	img_PX4_2__0_1773041191907605600.png
PX4_3	1773041189525	0	0	0.573961	0.707107	0	0	-0.707107	img_PX4_3__0_1773041192000225300.png
PX4_4	1773041189612	0	0	0.573961	0.707107	0	0	0.707107	img_PX4_4__0_1773041192089861200.png
PX4_1	1773041189705	23.6095	7.57493	-9.48936	0.998265	-0.00704012	-0.00227112	0.0584109	img_PX4_1__0_1773041192184339100.png
PX4_2	1773041189798	0	0	0.573961	3.57628e-07	0	0	-1	img_PX4_2__0_1773041192276967000.png
PX4_3	1773041189882	0	0	0.573961	0.707107	0	0	-0.707107	img_PX4_3__0_1773041192364126600.png
PX4_4	1773041189969	0	0	0.573961	0.707107	0	0	0.707107	img_PX4_4__0_1773041192453412100.png
PX4_1	1773041190047	23.5639	7.56775	-9.48963	0.998298	-0.00598856	-0.00491843	0.0578038	img_PX4_1__0_1773041192537931100.png
PX4_2	1773041190155	0	0	0.573961	3.57628e-07	0	0	-1	img_PX4_2__0_1773041192650389600.png
PX4_3	1773041190263	0	0	0.573961	0.707107	0	0	-0.707107	img_PX4_3__0_1773041192765459100.png
PX4_4	1773041190359	0	0	0.573961	0.707107	0	0	0.707107	img_PX4_4__0_1773041192864296700.png
PX4_1	1773041190443	23.5262	7.54367	-9.48991	0.998328	-0.00338488	-0.00711137	0.0572571	img_PX4_1__0_1773041192949125000.png
PX4_2	1773041190518	0	0	0.573961	3.57628e-07	0	0	-1	img_PX4_2__0_1773041193025940500.png
PX4_3	1773041190614	0	0	0.573961	0.707107	0	0	-0.707107	img_PX4_3__0_1773041193121965700.png
PX4_4	1773041190704	0	0	0.573961	0.707107	0	0	0.707107	img_PX4_4__0_1773041193213990100.png
PX4_1	1773041190785	23.5112	7.51488	-9.48996	0.998345	-0.00157392	-0.00750103	0.0569978	img_PX4_1__0_1773041193295379000.png
PX4_2	1773041190863	0	0	0.573961	3.57628e-07	0	0	-1	img_PX4_2__0_1773041193374812400.png
PX4_3	1773041190926	0	0	0.573961	0.707107	0	0	-0.707107	img_PX4_3__0_1773041193437447600.png
PX4_4	1773041190986	0	0	0.573961	0.707107	0	0	0.707107	img_PX4_4__0_1773041193498422700.png
PX4_1	1773041191040	23.5113	7.49149	-9.48972	0.998352	3.1145e-05	-0.00703682	0.0569467	img_PX4_1__0_1773041193553430000.png
PX4_2	1773041191097	0	0	0.573961	3.57628e-07	0	0	-1	img_PX4_2__0_1773041193609288100.png
PX4_3	1773041191151	0	0	0.573961	0.707107	0	0	-0.707107	img_PX4_3__0_1773041193665054800.png
PX4_4	1773041191211	0	0	0.573961	0.707107	0	0	0.707107	img_PX4_4__0_1773041193725546200.png
PX4_1	1773041191271	23.519	7.47075	-9.48938	0.998355	0.0019053	-0.00583199	0.0570036	img_PX4_1__0_1773041193784159100.png
PX4_2	1773041191337	0	0	0.573961	3.57628e-07	0	0	-1	img_PX4_2__0_1773041193850371000.png
PX4_3	1773041191400	0	0	0.573961	0.707107	0	0	-0.707107	img_PX4_3__0_1773041193913523700.png
PX4_4	1773041191463	0	0	0.573961	0.707107	0	0	0.707107	img_PX4_4__0_1773041193976124700.png
PX4_1	1773041191517	23.5339	7.45116	-9.48901	0.998359	0.00198944	-0.00285988	0.0571556	img_PX4_1__0_1773041194032112100.png
PX4_2	1773041191583	0	0	0.573961	3.57628e-07	0	0	-1	img_PX4_2__0_1773041194098337900.png
PX4_3	1773041191649	0	0	0.573961	0.707107	0	0	-0.707107	img_PX4_3__0_1773041194163473800.png
PX4_4	1773041191712	0	0	0.573961	0.707107	0	0	0.707107	img_PX4_4__0_1773041194227691100.png
PX4_1	1773041191766	23.5505	7.43222	-9.48805	0.998347	-0.0010693	0.00228403	0.0574157	img_PX4_1__0_1773041194281308500.png
PX4_2	1773041191829	0	0	0.573961	3.57628e-07	0	0	-1	img_PX4_2__0_1773041194343192800.png
PX4_3	1773041191892	0	0	0.573961	0.707107	0	0	-0.707107	img_PX4_3__0_1773041194407415800.png
PX4_4	1773041191952	0	0	0.573961	0.707107	0	0	0.707107	img_PX4_4__0_1773041194467989800.png
PX4_1	1773041192009	23.5646	7.41325	-9.48722	0.998308	0.00630263	-0.00269142	0.0577464	img_PX4_1__0_1773041194525061400.png
PX4_2	1773041192072	0	0	0.573961	3.57628e-07	0	0	-1	img_PX4_2__0_1773041194588485200.png
PX4_3	1773041192132	0	0	0.573961	0.707107	0	0	-0.707107	img_PX4_3__0_1773041194649359400.png
PX4_4	1773041192198	0	0	0.573961	0.707107	0	0	0.707107	img_PX4_4__0_1773041194714572000.png
PX4_1	1773041192258	23.5809	7.40073	-9.48662	0.998299	0.00498464	0.000311104	0.0580877	img_PX4_1__0_1773041194773763700.png
PX4_2	1773041192321	0	0	0.573961	3.57628e-07	0	0	-1	img_PX4_2__0_1773041194837416700.png
PX4_3	1773041192378	0	0	0.573961	0.707107	0	0	-0.707107	img_PX4_3__0_1773041194896431800.png
PX4_4	1773041192435	0	0	0.573961	0.707107	0	0	0.707107	img_PX4_4__0_1773041194952414600.png
PX4_1	1773041192489	23.596	7.39446	-9.48616	0.998287	0.00456636	0.00145426	0.0583153	img_PX4_1__0_1773041195006543800.png
PX4_2	1773041192552	0	0	0.573961	3.57628e-07	0	0	-1	img_PX4_2__0_1773041195071395700.png
PX4_3	1773041192621	0	0	0.573961	0.707107	0	0	-0.707107	img_PX4_3__0_1773041195139417700.png
PX4_4	1773041192675	0	0	0.573961	0.707107	0	0	0.707107	img_PX4_4__0_1773041195194331600.png
PX4_1	1773041192711	23.6087	7.39301	-9.48567	0.998278	0.00468756	0.00225116	0.058437	img_PX4_1__0_1773041195231229300.png
PX4_2	1773041192750	0	0	0.573961	3.57628e-07	0	0	-1	img_PX4_2__0_1773041195268103500.png
PX4_3	1773041192786	0	0	0.573961	0.707107	0	0	-0.707107	img_PX4_3__0_1773041195303822800.png
PX4_4	1773041192822	0	0	0.573961	0.707107	0	0	0.707107	img_PX4_4__0_1773041195339744600.png
PX4_1	1773041192852	23.6155	7.39437	-9.48543	0.998277	0.00421273	0.00266564	0.0584737	img_PX4_1__0_1773041195372298100.png
PX4_2	1773041192891	0	0	0.573961	3.57628e-07	0	0	-1	img_PX4_2__0_1773041195411229800.png
PX4_3	1773041192930	0	0	0.573961	0.707107	0	0	-0.707107	img_PX4_3__0_1773041195449801300.png
PX4_4	1773041192969	0	0	0.573961	0.707107	0	0	0.707107	img_PX4_4__0_1773041195486832600.png
PX4_1	1773041192999	23.6215	7.39748	-9.48528	0.998276	0.00374657	0.00313566	0.058485	img_PX4_1__0_1773041195517410600.png
PX4_2	1773041193035	0	0	0.573961	3.57628e-07	0	0	-1	img_PX4_2__0_1773041195553996400.png
PX4_3	1773041193071	0	0	0.573961	0.707107	0	0	-0.707107	img_PX4_3__0_1773041195590949600.png
PX4_4	1773041193107	0	0	0.573961	0.707107	0	0	0.707107	img_PX4_4__0_1773041195627035500.png
PX4_1	1773041193140	23.6258	7.40187	-9.4852	0.998277	0.00327538	0.00349652	0.0584745	img_PX4_1__0_1773041195658113700.png
PX4_2	1773041193176	0	0	0.573961	3.57628e-07	0	0	-1	img_PX4_2__0_1773041195695546800.png
PX4_3	1773041193212	0	0	0.573961	0.707107	0	0	-0.707107	img_PX4_3__0_1773041195731769400.png
PX4_4	1773041193248	0	0	0.573961	0.707107	0	0	0.707107	img_PX4_4__0_1773041195768259400.png
PX4_1	1773041193278	23.6287	7.40734	-9.48522	0.99828	0.00284728	0.00362826	0.0584403	img_PX4_1__0_1773041195797890000.png
PX4_2	1773041193314	0	0	0.573961	3.57628e-07	0	0	-1	img_PX4_2__0_1773041195834317500.png
PX4_3	1773041193350	0	0	0.573961	0.707107	0	0	-0.707107	img_PX4_3__0_1773041195869672300.png
PX4_4	1773041193386	0	0	0.573961	0.707107	0	0	0.707107	img_PX4_4__0_1773041195906451700.png
PX4_1	1773041193419	23.6302	7.41395	-9.48527	0.998284	0.00235458	0.00367925	0.0583877	img_PX4_1__0_1773041195937794000.png
PX4_2	1773041193458	0	0	0.573961	3.57628e-07	0	0	-1	img_PX4_2__0_1773041195975519100.png
PX4_3	1773041193491	0	0	0.573961	0.707107	0	0	-0.707107	img_PX4_3__0_1773041196010749800.png
PX4_4	1773041193527	0	0	0.573961	0.707107	0	0	0.707107	img_PX4_4__0_1773041196047051100.png
PX4_1	1773041193563	23.6302	7.42156	-9.48534	0.99829	0.00181427	0.00373226	0.0583128	img_PX4_1__0_1773041196081546900.png
PX4_2	1773041193605	0	0	0.573961	3.57628e-07	0	0	-1	img_PX4_2__0_1773041196125189100.png
PX4_3	1773041193641	0	0	0.573961	0.707107	0	0	-0.707107	img_PX4_3__0_1773041196161097300.png
PX4_4	1773041193677	0	0	0.573961	0.707107	0	0	0.707107	img_PX4_4__0_1773041196197445300.png
PX4_1	1773041193710	23.6286	7.43002	-9.48543	0.998297	0.00137021	0.0033745	0.0582144	img_PX4_1__0_1773041196228039900.png
PX4_2	1773041193746	0	0	0.573961	3.57628e-07	0	0	-1	img_PX4_2__0_1773041196266488500.png
PX4_3	1773041193785	0	0	0.573961	0.707107	0	0	-0.707107	img_PX4_3__0_1773041196302698300.png
PX4_4	1773041193821	0	0	0.573961	0.707107	0	0	0.707107	img_PX4_4__0_1773041196339377900.png
PX4_1	1773041193857	23.6255	7.43896	-9.4856	0.998305	0.000867079	0.00297587	0.0581161	img_PX4_1__0_1773041196375043900.png
PX4_2	1773041193893	0	0	0.573961	3.57628e-07	0	0	-1	img_PX4_2__0_1773041196412598800.png
PX4_3	1773041193929	0	0	0.573961	0.707107	0	0	-0.707107	img_PX4_3__0_1773041196448781100.png
PX4_4	1773041193968	0	0	0.573961	0.707107	0	0	0.707107	img_PX4_4__0_1773041196485830700.png
PX4_1	1773041193998	23.6213	7.44783	-9.48583	0.998312	0.000361756	0.00265915	0.0580179	img_PX4_1__0_1773041196516952400.png
PX4_2	1773041194037	0	0	0.573961	3.57628e-07	0	0	-1	img_PX4_2__0_1773041196554683200.png
PX4_3	1773041194073	0	0	0.573961	0.707107	0	0	-0.707107	img_PX4_3__0_1773041196591205500.png
PX4_4	1773041194109	0	0	0.573961	0.707107	0	0	0.707107	img_PX4_4__0_1773041196627069400.png
PX4_1	1773041194139	23.6161	7.45678	-9.48615	0.998319	-0.000114386	0.00226386	0.0579168	img_PX4_1__0_1773041196658845900.png
PX4_2	1773041194178	0	0	0.573961	3.57628e-07	0	0	-1	img_PX4_2__0_1773041196696190300.png
PX4_3	1773041194214	0	0	0.573961	0.707107	0	0	-0.707107	img_PX4_3__0_1773041196734486000.png
PX4_4	1773041194253	0	0	0.573961	0.707107	0	0	0.707107	img_PX4_4__0_1773041196771330100.png
PX4_1	1773041194283	23.6099	7.46582	-9.48655	0.998325	-0.000645929	0.00187263	0.0578146	img_PX4_1__0_1773041196802686800.png
PX4_2	1773041194319	0	0	0.573961	3.57628e-07	0	0	-1	img_PX4_2__0_1773041196838513700.png
PX4_3	1773041194352	0	0	0.573961	0.707107	0	0	-0.707107	img_PX4_3__0_1773041196872580100.png
PX4_4	1773041194391	0	0	0.573961	0.707107	0	0	0.707107	img_PX4_4__0_1773041196909031900.png
PX4_1	1773041194421	23.6032	7.4742	-9.48704	0.998331	-0.00126412	0.00157739	0.0577189	img_PX4_1__0_1773041196941194100.png
PX4_2	1773041194457	0	0	0.573961	3.57628e-07	0	0	-1	img_PX4_2__0_1773041196977586000.png
PX4_3	1773041194496	0	0	0.573961	0.707107	0	0	-0.707107	img_PX4_3__0_1773041197014829700.png
PX4_4	1773041194535	0	0	0.573961	0.707107	0	0	0.707107	img_PX4_4__0_1773041197052785600.png
PX4_1	1773041194571	23.5954	7.48274	-9.48772	0.998337	-0.00188805	0.00113389	0.0576122	img_PX4_1__0_1773041197090181500.png
PX4_2	1773041194616	0	0	0.573961	3.57628e-07	0	0	-1	img_PX4_2__0_1773041197134159300.png
PX4_3	1773041194658	0	0	0.573961	0.707107	0	0	-0.707107	img_PX4_3__0_1773041197177533400.png
PX4_4	1773041194697	0	0	0.573961	0.707107	0	0	0.707107	img_PX4_4__0_1773041197217647900.png
PX4_1	1773041194733	23.5863	7.491	-9.48863	0.998342	-0.00246342	0.00066235	0.0574967	img_PX4_1__0_1773041197251569200.png
PX4_2	1773041194772	0	0	0.573961	3.57628e-07	0	0	-1	img_PX4_2__0_1773041197290258700.png
PX4_3	1773041194808	0	0	0.573961	0.707107	0	0	-0.707107	img_PX4_3__0_1773041197327797000.png
PX4_4	1773041194847	0	0	0.573961	0.707107	0	0	0.707107	img_PX4_4__0_1773041197365195700.png
PX4_1	1773041194880	23.5781	7.49728	-9.48957	0.998348	-0.00274645	0.00022808	0.057389	img_PX4_1__0_1773041197397820700.png
PX4_2	1773041194919	0	0	0.573961	3.57628e-07	0	0	-1	img_PX4_2__0_1773041197436745500.png
PX4_3	1773041194955	0	0	0.573961	0.707107	0	0	-0.707107	img_PX4_3__0_1773041197473249300.png
PX4_4	1773041194991	0	0	0.573961	0.707107	0	0	0.707107	img_PX4_4__0_1773041197511557600.png
PX4_1	1773041195027	23.5694	7.50263	-9.49077	0.998355	-0.00306223	-7.38674e-05	0.0572582	img_PX4_1__0_1773041197545323800.png
PX4_2	1773041195066	0	0	0.573961	3.57628e-07	0	0	-1	img_PX4_2__0_1773041197585460200.png
PX4_3	1773041195105	0	0	0.573961	0.707107	0	0	-0.707107	img_PX4_3__0_1773041197623085700.png
PX4_4	1773041195141	0	0	0.573961	0.707107	0	0	0.707107	img_PX4_4__0_1773041197660584600.png
PX4_1	1773041195171	23.5612	7.5065	-9.49221	0.998362	-0.00328387	-0.000417319	0.0571216	img_PX4_1__0_1773041197690746000.png
PX4_2	1773041195207	0	0	0.573961	3.57628e-07	0	0	-1	img_PX4_2__0_1773041197727613200.png
PX4_3	1773041195243	0	0	0.573961	0.707107	0	0	-0.707107	img_PX4_3__0_1773041197763020000.png
PX4_4	1773041195279	0	0	0.573961	0.707107	0	0	0.707107	img_PX4_4__0_1773041197797261000.png
PX4_1	1773041195312	23.5534	7.50903	-9.49379	0.99837	-0.00317774	-0.000879447	0.0569761	img_PX4_1__0_1773041197830559700.png
PX4_2	1773041195351	0	0	0.573961	3.57628e-07	0	0	-1	img_PX4_2__0_1773041197871809200.png
PX4_3	1773041195390	0	0	0.573961	0.707107	0	0	-0.707107	img_PX4_3__0_1773041197910481300.png
PX4_4	1773041195429	0	0	0.573961	0.707107	0	0	0.707107	img_PX4_4__0_1773041197947211700.png
PX4_1	1773041195459	23.5457	7.51036	-9.49554	0.998379	-0.00298819	-0.00141729	0.0568236	img_PX4_1__0_1773041197979133900.png
PX4_2	1773041195498	0	0	0.573961	3.57628e-07	0	0	-1	img_PX4_2__0_1773041198018589200.png
PX4_3	1773041195534	0	0	0.573961	0.707107	0	0	-0.707107	img_PX4_3__0_1773041198052397000.png
PX4_4	1773041195570	0	0	0.573961	0.707107	0	0	0.707107	img_PX4_4__0_1773041198088697900.png
PX4_1	1773041195606	23.5387	7.51046	-9.49726	0.998387	-0.00281898	-0.00188285	0.0566665	img_PX4_1__0_1773041198124048200.png
PX4_2	1773041195642	0	0	0.573961	3.57628e-07	0	0	-1	img_PX4_2__0_1773041198160641500.png
PX4_3	1773041195678	0	0	0.573961	0.707107	0	0	-0.707107	img_PX4_3__0_1773041198198630700.png
PX4_4	1773041195714	0	0	0.573961	0.707107	0	0	0.707107	img_PX4_4__0_1773041198233131700.png
PX4_1	1773041195744	23.5329	7.50951	-9.49873	0.998396	-0.00265888	-0.00206142	0.0565195	img_PX4_1__0_1773041198262794900.png
PX4_2	1773041195780	0	0	0.573961	3.57628e-07	0	0	-1	img_PX4_2__0_1773041198299888700.png
PX4_3	1773041195816	0	0	0.573961	0.707107	0	0	-0.707107	img_PX4_3__0_1773041198334896600.png
PX4_4	1773041195852	0	0	0.573961	0.707107	0	0	0.707107	img_PX4_4__0_1773041198370450700.png
PX4_1	1773041195885	23.5279	7.50756	-9.50005	0.998404	-0.00241614	-0.0023083	0.0563712	img_PX4_1__0_1773041198403625700.png
PX4_2	1773041195921	0	0	0.573961	3.57628e-07	0	0	-1	img_PX4_2__0_1773041198440476400.png
PX4_3	1773041195957	0	0	0.573961	0.707107	0	0	-0.707107	img_PX4_3__0_1773041198475335500.png
PX4_4	1773041195990	0	0	0.573961	0.707107	0	0	0.707107	img_PX4_4__0_1773041198508826100.png
PX4_1	1773041196020	23.5239	7.50486	-9.50108	0.998412	-0.00196936	-0.00252879	0.056243	img_PX4_1__0_1773041198538739300.png
PX4_2	1773041196053	0	0	0.573961	3.57628e-07	0	0	-1	img_PX4_2__0_1773041198573515500.png
PX4_3	1773041196089	0	0	0.573961	0.707107	0	0	-0.707107	img_PX4_3__0_1773041198607514100.png
PX4_4	1773041196125	0	0	0.573961	0.707107	0	0	0.707107	img_PX4_4__0_1773041198643256000.png
PX4_1	1773041196155	23.5208	7.5015	-9.50188	0.998419	-0.00154888	-0.00270894	0.0561311	img_PX4_1__0_1773041198674455500.png
PX4_2	1773041196191	0	0	0.573961	3.57628e-07	0	0	-1	img_PX4_2__0_1773041198711317100.png
PX4_3	1773041196227	0	0	0.573961	0.707107	0	0	-0.707107	img_PX4_3__0_1773041198745801900.png
PX4_4	1773041196263	0	0	0.573961	0.707107	0	0	0.707107	img_PX4_4__0_1773041198781781300.png
PX4_1	1773041196296	23.5188	7.49756	-9.50247	0.998425	-0.00118032	-0.00273686	0.0560309	img_PX4_1__0_1773041198814318300.png
PX4_2	1773041196332	0	0	0.573961	3.57628e-07	0	0	-1	img_PX4_2__0_1773041198852020200.png
PX4_3	1773041196368	0	0	0.573961	0.707107	0	0	-0.707107	img_PX4_3__0_1773041198887051900.png
PX4_4	1773041196407	0	0	0.573961	0.707107	0	0	0.707107	img_PX4_4__0_1773041198925712700.png
PX4_1	1773041196437	23.5177	7.49303	-9.50291	0.99843	-0.000882905	-0.00276482	0.0559392	img_PX4_1__0_1773041198957866500.png
PX4_2	1773041196476	0	0	0.573961	3.57628e-07	0	0	-1	img_PX4_2__0_1773041198994660700.png
PX4_3	1773041196512	0	0	0.573961	0.707107	0	0	-0.707107	img_PX4_3__0_1773041199030703700.png
PX4_4	1773041196545	0	0	0.573961	0.707107	0	0	0.707107	img_PX4_4__0_1773041199066039900.png
PX4_1	1773041196581	23.5177	7.4883	-9.49163	0.998429	0.00350276	-0.00255646	0.0558736	img_PX4_1__0_1773041199101754400.png
PX4_2	1773041196626	0	0	0.573961	3.57628e-07	0	0	-1	img_PX4_2__0_1773041199144377100.png
PX4_3	1773041196665	0	0	0.573961	0.707107	0	0	-0.707107	img_PX4_3__0_1773041199185951700.png
PX4_4	1773041196704	0	0	0.573961	0.707107	0	0	0.707107	img_PX4_4__0_1773041199224990300.png
PX4_1	1773041196737	23.5187	7.48456	-9.44315	0.998408	0.00794314	-0.00232599	0.055799	img_PX4_1__0_1773041199257921900.png
PX4_2	1773041196773	0	0	0.573961	3.57628e-07	0	0	-1	img_PX4_2__0_1773041199294111900.png
PX4_3	1773041196812	0	0	0.573961	0.707107	0	0	-0.707107	img_PX4_3__0_1773041199332397700.png
PX4_4	1773041196848	0	0	0.573961	0.707107	0	0	0.707107	img_PX4_4__0_1773041199368244100.png
PX4_1	1773041196881	23.5202	7.48397	-9.37617	0.998406	0.00858219	-0.0022827	0.055731	img_PX4_1__0_1773041199399459500.png
PX4_2	1773041196917	0	0	0.573961	3.57628e-07	0	0	-1	img_PX4_2__0_1773041199435578200.png
PX4_3	1773041196950	0	0	0.573961	0.707107	0	0	-0.707107	img_PX4_3__0_1773041199470999000.png
PX4_4	1773041196986	0	0	0.573961	0.707107	0	0	0.707107	img_PX4_4__0_1773041199506590800.png
PX4_1	1773041197016	23.5223	7.4864	-9.29588	0.998411	0.00843106	-0.00229807	0.0556609	img_PX4_1__0_1773041199536734100.png
PX4_2	1773041197052	0	0	0.573961	3.57628e-07	0	0	-1	img_PX4_2__0_1773041199572193100.png
PX4_3	1773041197088	0	0	0.573961	0.707107	0	0	-0.707107	img_PX4_3__0_1773041199606909700.png
PX4_4	1773041197121	0	0	0.573961	0.707107	0	0	0.707107	img_PX4_4__0_1773041199641886900.png
PX4_1	1773041197151	23.525	7.4917	-9.2069	0.998415	0.0084445	-0.00231292	0.055588	img_PX4_1__0_1773041199672399900.png
PX4_2	1773041197190	0	0	0.573961	3.57628e-07	0	0	-1	img_PX4_2__0_1773041199708767500.png
PX4_3	1773041197223	0	0	0.573961	0.707107	0	0	-0.707107	img_PX4_3__0_1773041199743081200.png
PX4_4	1773041197259	0	0	0.573961	0.707107	0	0	0.707107	img_PX4_4__0_1773041199777666100.png
PX4_1	1773041197289	23.5284	7.49992	-9.11006	0.998419	0.00854284	-0.00227069	0.0555145	img_PX4_1__0_1773041199807538600.png
PX4_2	1773041197322	0	0	0.573961	3.57628e-07	0	0	-1	img_PX4_2__0_1773041199842629900.png
PX4_3	1773041197358	0	0	0.573961	0.707107	0	0	-0.707107	img_PX4_3__0_1773041199876668200.png
PX4_4	1773041197391	0	0	0.573961	0.707107	0	0	0.707107	img_PX4_4__0_1773041199912243100.png
PX4_1	1773041197424	23.5321	7.51009	-9.01605	0.998421	0.00874603	-0.00229483	0.0554354	img_PX4_1__0_1773041199944404700.png
PX4_2	1773041197460	0	0	0.573961	3.57628e-07	0	0	-1	img_PX4_2__0_1773041199980094200.png
PX4_3	1773041197496	0	0	0.573961	0.707107	0	0	-0.707107	img_PX4_3__0_1773041200015054600.png
PX4_4	1773041197529	0	0	0.573961	0.707107	0	0	0.707107	img_PX4_4__0_1773041200049777100.png
PX4_1	1773041197562	23.5334	7.51057	-9.01439	0.998476	0.00802823	-0.00318714	0.0545018	img_PX4_1__0_1773041200080872600.png
PX4_2	1773041197604	0	0	0.573961	3.57628e-07	0	0	-1	img_PX4_2__0_1773041200124328700.png
PX4_3	1773041197640	0	0	0.573961	0.707107	0	0	-0.707107	img_PX4_3__0_1773041200161557200.png
PX4_4	1773041197676	0	0	0.573961	0.707107	0	0	0.707107	img_PX4_4__0_1773041200197557900.png
PX4_1	1773041197706	23.5366	7.51186	-9.0104	0.998501	0.00824526	-0.00313871	0.0540129	img_PX4_1__0_1773041200227398300.png
PX4_2	1773041197742	0	0	0.573961	3.57628e-07	0	0	-1	img_PX4_2__0_1773041200263015600.png
PX4_3	1773041197778	0	0	0.573961	0.707107	0	0	-0.707107	img_PX4_3__0_1773041200297285900.png
PX4_4	1773041197811	0	0	0.573961	0.707107	0	0	0.707107	img_PX4_4__0_1773041200332502200.png
PX4_1	1773041197844	23.54	7.51338	-9.00786	0.998488	0.00872057	-0.00258991	0.0542093	img_PX4_1__0_1773041200365033400.png
PX4_2	1773041197883	0	0	0.573961	3.57628e-07	0	0	-1	img_PX4_2__0_1773041200404179200.png
PX4_3	1773041197922	0	0	0.573961	0.707107	0	0	-0.707107	img_PX4_3__0_1773041200440746700.png
PX4_4	1773041197958	0	0	0.573961	0.707107	0	0	0.707107	img_PX4_4__0_1773041200477896500.png
PX4_1	1773041197988	23.549	7.51795	-8.99845	0.998469	0.00946121	-0.00167911	0.054472	img_PX4_1__0_1773041200508850500.png
PX4_2	1773041198024	0	0	0.573961	3.57628e-07	0	0	-1	img_PX4_2__0_1773041200545159300.png
PX4_3	1773041198060	0	0	0.573961	0.707107	0	0	-0.707107	img_PX4_3__0_1773041200581187100.png
PX4_4	1773041198096	0	0	0.573961	0.707107	0	0	0.707107	img_PX4_4__0_1773041200616626400.png
PX4_1	1773041198129	23.5492	7.51816	-8.99855	0.99846	0.0097111	-0.00143417	0.0545962	img_PX4_1__0_1773041200648244500.png
PX4_2	1773041198165	0	0	0.573961	3.57628e-07	0	0	-1	img_PX4_2__0_1773041200686410100.png
PX4_3	1773041198204	0	0	0.573961	0.707107	0	0	-0.707107	img_PX4_3__0_1773041200723040000.png
PX4_4	1773041198240	0	0	0.573961	0.707107	0	0	0.707107	img_PX4_4__0_1773041200759361100.png
PX4_1	1773041198273	23.5496	7.51868	-8.99844	0.998455	0.00984393	-0.0011793	0.0546744	img_PX4_1__0_1773041200792052200.png
PX4_2	1773041198309	0	0	0.573961	3.57628e-07	0	0	-1	img_PX4_2__0_1773041200830465300.png
PX4_3	1773041198345	0	0	0.573961	0.707107	0	0	-0.707107	img_PX4_3__0_1773041200866421200.png
PX4_4	1773041198384	0	0	0.573961	0.707107	0	0	0.707107	img_PX4_4__0_1773041200902957400.png
PX4_1	1773041198417	23.5502	7.51916	-8.99845	0.998451	0.0100057	-0.000928723	0.0547217	img_PX4_1__0_1773041200938048200.png
PX4_2	1773041198456	0	0	0.573961	3.57628e-07	0	0	-1	img_PX4_2__0_1773041200976017500.png
PX4_3	1773041198492	0	0	0.573961	0.707107	0	0	-0.707107	img_PX4_3__0_1773041201013753900.png
PX4_4	1773041198531	0	0	0.573961	0.707107	0	0	0.707107	img_PX4_4__0_1773041201050724600.png
PX4_1	1773041198561	23.5509	7.51963	-8.99835	0.998447	0.0102826	-0.000741938	0.0547512	img_PX4_1__0_1773041201081894800.png
PX4_2	1773041198603	0	0	0.573961	3.57628e-07	0	0	-1	img_PX4_2__0_1773041201123678900.png
PX4_3	1773041198642	0	0	0.573961	0.707107	0	0	-0.707107	img_PX4_3__0_1773041201163283600.png
PX4_4	1773041198681	0	0	0.573961	0.707107	0	0	0.707107	img_PX4_4__0_1773041201201928600.png
PX4_1	1773041198714	23.5529	7.52039	-8.99909	0.998442	0.0106565	-0.000825542	0.0547685	img_PX4_1__0_1773041201233520100.png
PX4_2	1773041198750	0	0	0.573961	3.57628e-07	0	0	-1	img_PX4_2__0_1773041201271690500.png
PX4_3	1773041198786	0	0	0.573961	0.707107	0	0	-0.707107	img_PX4_3__0_1773041201307507700.png
PX4_4	1773041198822	0	0	0.573961	0.707107	0	0	0.707107	img_PX4_4__0_1773041201342407900.png
PX4_1	1773041198852	23.5536	7.52088	-8.99864	0.998436	0.0111048	-0.00109403	0.054775	img_PX4_1__0_1773041201371947400.png
PX4_2	1773041198888	0	0	0.573961	3.57628e-07	0	0	-1	img_PX4_2__0_1773041201408453700.png
PX4_3	1773041198924	0	0	0.573961	0.707107	0	0	-0.707107	img_PX4_3__0_1773041201443070800.png
PX4_4	1773041198957	0	0	0.573961	0.707107	0	0	0.707107	img_PX4_4__0_1773041201477730100.png
PX4_1	1773041198987	23.5546	7.52162	-8.99784	0.998431	0.0115187	-0.00137858	0.0547793	img_PX4_1__0_1773041201507093900.png
PX4_2	1773041199023	0	0	0.573961	3.57628e-07	0	0	-1	img_PX4_2__0_1773041201542341200.png
PX4_3	1773041199056	0	0	0.573961	0.707107	0	0	-0.707107	img_PX4_3__0_1773041201576846700.png
PX4_4	1773041199089	0	0	0.573961	0.707107	0	0	0.707107	img_PX4_4__0_1773041201610861500.png
PX4_1	1773041199122	23.5556	7.52226	-8.99711	0.998425	0.011973	-0.00166854	0.05478	img_PX4_1__0_1773041201642434500.png
PX4_2	1773041199158	0	0	0.573961	3.57628e-07	0	0	-1	img_PX4_2__0_1773041201677364100.png
PX4_3	1773041199191	0	0	0.573961	0.707107	0	0	-0.707107	img_PX4_3__0_1773041201712000800.png
PX4_4	1773041199224	0	0	0.573961	0.707107	0	0	0.707107	img_PX4_4__0_1773041201745178500.png
PX4_1	1773041199254	23.5563	7.52267	-8.99666	0.99842	0.0123879	-0.00188134	0.0547796	img_PX4_1__0_1773041201775732900.png
PX4_2	1773041199293	0	0	0.573961	3.57628e-07	0	0	-1	img_PX4_2__0_1773041201812637100.png
PX4_3	1773041199326	0	0	0.573961	0.707107	0	0	-0.707107	img_PX4_3__0_1773041201845697800.png
PX4_4	1773041199359	0	0	0.573961	0.707107	0	0	0.707107	img_PX4_4__0_1773041201879942600.png
PX4_1	1773041199389	23.5568	7.52304	-8.99624	0.998415	0.0127846	-0.00206902	0.054774	img_PX4_1__0_1773041201909431400.png
PX4_2	1773041199422	0	0	0.573961	3.57628e-07	0	0	-1	img_PX4_2__0_1773041201943670900.png
PX4_3	1773041199458	0	0	0.573961	0.707107	0	0	-0.707107	img_PX4_3__0_1773041201977257000.png
PX4_4	1773041199491	0	0	0.573961	0.707107	0	0	0.707107	img_PX4_4__0_1773041202011889300.png
PX4_1	1773041199521	23.5574	7.52341	-8.9958	0.998409	0.0131959	-0.00224109	0.0547692	img_PX4_1__0_1773041202040826700.png
PX4_2	1773041199554	0	0	0.573961	3.57628e-07	0	0	-1	img_PX4_2__0_1773041202075799000.png
PX4_3	1773041199593	0	0	0.573961	0.707107	0	0	-0.707107	img_PX4_3__0_1773041202112153000.png
PX4_4	1773041199629	0	0	0.573961	0.707107	0	0	0.707107	img_PX4_4__0_1773041202148441700.png
PX4_1	1773041199659	23.5582	7.52379	-8.99562	0.998404	0.0136066	-0.00238737	0.0547634	img_PX4_1__0_1773041202179266200.png
PX4_2	1773041199698	0	0	0.573961	3.57628e-07	0	0	-1	img_PX4_2__0_1773041202218299400.png
PX4_3	1773041199734	0	0	0.573961	0.707107	0	0	-0.707107	img_PX4_3__0_1773041202253558100.png
PX4_4	1773041199773	0	0	0.573961	0.707107	0	0	0.707107	img_PX4_4__0_1773041202293039300.png
PX4_1	1773041199806	23.5595	7.52459	-8.99471	0.998396	0.0141572	-0.00255029	0.0547546	img_PX4_1__0_1773041202327159700.png
PX4_2	1773041199845	0	0	0.573961	3.57628e-07	0	0	-1	img_PX4_2__0_1773041202364360800.png
PX4_3	1773041199878	0	0	0.573961	0.707107	0	0	-0.707107	img_PX4_3__0_1773041202398661000.png
PX4_4	1773041199914	0	0	0.573961	0.707107	0	0	0.707107	img_PX4_4__0_1773041202433606700.png
PX4_1	1773041199944	23.561	7.52561	-8.99348	0.998389	0.0146771	-0.00269158	0.054745	img_PX4_1__0_1773041202463748900.png
PX4_2	1773041199980	0	0	0.573961	3.57628e-07	0	0	-1	img_PX4_2__0_1773041202499400600.png
PX4_3	1773041200013	0	0	0.573961	0.707107	0	0	-0.707107	img_PX4_3__0_1773041202533759700.png
PX4_4	1773041200046	0	0	0.573961	0.707107	0	0	0.707107	img_PX4_4__0_1773041202567326200.png
PX4_1	1773041200076	23.5624	7.52658	-8.99233	0.998382	0.0151703	-0.00281119	0.0547387	img_PX4_1__0_1773041202597323700.png
PX4_2	1773041200112	0	0	0.573961	3.57628e-07	0	0	-1	img_PX4_2__0_1773041202632771100.png
PX4_3	1773041200148	0	0	0.573961	0.707107	0	0	-0.707107	img_PX4_3__0_1773041202667349800.png
PX4_4	1773041200181	0	0	0.573961	0.707107	0	0	0.707107	img_PX4_4__0_1773041202702165200.png
PX4_1	1773041200214	23.564	7.52769	-8.99105	0.998375	0.0155964	-0.00296441	0.0547314	img_PX4_1__0_1773041202733549000.png
PX4_2	1773041200247	0	0	0.573961	3.57628e-07	0	0	-1	img_PX4_2__0_1773041202768867700.png
PX4_3	1773041200283	0	0	0.573961	0.707107	0	0	-0.707107	img_PX4_3__0_1773041202802753700.png
PX4_4	1773041200316	0	0	0.573961	0.707107	0	0	0.707107	img_PX4_4__0_1773041202836523100.png
PX4_1	1773041200346	23.5655	7.52877	-8.9898	0.998367	0.016073	-0.00307324	0.0547232	img_PX4_1__0_1773041202865557600.png
PX4_2	1773041200382	0	0	0.573961	3.57628e-07	0	0	-1	img_PX4_2__0_1773041202901703700.png
PX4_3	1773041200415	0	0	0.573961	0.707107	0	0	-0.707107	img_PX4_3__0_1773041202936113100.png
PX4_4	1773041200451	0	0	0.573961	0.707107	0	0	0.707107	img_PX4_4__0_1773041202971509500.png
PX4_1	1773041200484	23.567	7.52989	-8.98855	0.99836	0.0165531	-0.00313996	0.0547086	img_PX4_1__0_1773041203003493700.png
PX4_2	1773041200520	0	0	0.573961	3.57628e-07	0	0	-1	img_PX4_2__0_1773041203039783000.png
PX4_3	1773041200553	0	0	0.573961	0.707107	0	0	-0.707107	img_PX4_3__0_1773041203075165400.png
PX4_4	1773041200592	0	0	0.573961	0.707107	0	0	0.707107	img_PX4_4__0_1773041203112581900.png
PX4_1	1773041200628	23.5685	7.53104	-8.98724	0.998352	0.0170548	-0.00322624	0.0546928	img_PX4_1__0_1773041203148858000.png
PX4_2	1773041200673	0	0	0.573961	3.57628e-07	0	0	-1	img_PX4_2__0_1773041203192481900.png
PX4_3	1773041200709	0	0	0.573961	0.707107	0	0	-0.707107	img_PX4_3__0_1773041203230082600.png
PX4_4	1773041200748	0	0	0.573961	0.707107	0	0	0.707107	img_PX4_4__0_1773041203267743100.png
PX4_1	1773041200781	23.5697	7.53173	-8.98687	0.998344	0.0175957	-0.00328845	0.0546752	img_PX4_1__0_1773041203300518600.png
PX4_2	1773041200820	0	0	0.573961	3.57628e-07	0	0	-1	img_PX4_2__0_1773041203339591000.png
PX4_3	1773041200856	0	0	0.573961	0.707107	0	0	-0.707107	img_PX4_3__0_1773041203376438900.png
PX4_4	1773041200892	0	0	0.573961	0.707107	0	0	0.707107	img_PX4_4__0_1773041203412668700.png
PX4_1	1773041200925	23.5711	7.53273	-8.98585	0.998335	0.0181135	-0.00337196	0.0546609	img_PX4_1__0_1773041203444692000.png
PX4_2	1773041200964	0	0	0.573961	3.57628e-07	0	0	-1	img_PX4_2__0_1773041203484836000.png
PX4_3	1773041201000	0	0	0.573961	0.707107	0	0	-0.707107	img_PX4_3__0_1773041203520916800.png
PX4_4	1773041201036	0	0	0.573961	0.707107	0	0	0.707107	img_PX4_4__0_1773041203556919700.png
PX4_1	1773041201069	23.5727	7.53397	-8.98449	0.998325	0.0186673	-0.00346094	0.054646	img_PX4_1__0_1773041203590014300.png
PX4_2	1773041201108	0	0	0.573961	3.57628e-07	0	0	-1	img_PX4_2__0_1773041203628347300.png
PX4_3	1773041201144	0	0	0.573961	0.707107	0	0	-0.707107	img_PX4_3__0_1773041203666270800.png
PX4_4	1773041201183	0	0	0.573961	0.707107	0	0	0.707107	img_PX4_4__0_1773041203702550100.png
PX4_1	1773041201216	23.5742	7.53495	-8.98364	0.998316	0.0191985	-0.00353096	0.054626	img_PX4_1__0_1773041203735814000.png
PX4_2	1773041201255	0	0	0.573961	3.57628e-07	0	0	-1	img_PX4_2__0_1773041203775221900.png
PX4_3	1773041201291	0	0	0.573961	0.707107	0	0	-0.707107	img_PX4_3__0_1773041203812640300.png
PX4_4	1773041201330	0	0	0.573961	0.707107	0	0	0.707107	img_PX4_4__0_1773041203849925900.png
PX4_1	1773041201363	23.5752	7.53562	-8.98308	0.998305	0.0197929	-0.00359705	0.0546098	img_PX4_1__0_1773041203882978500.png
PX4_2	1773041201402	0	0	0.573961	3.57628e-07	0	0	-1	img_PX4_2__0_1773041203921700300.png
PX4_3	1773041201438	0	0	0.573961	0.707107	0	0	-0.707107	img_PX4_3__0_1773041203959163500.png
PX4_4	1773041201477	0	0	0.573961	0.707107	0	0	0.707107	img_PX4_4__0_1773041203996588800.png
PX4_1	1773041201510	23.5767	7.53668	-8.98219	0.998294	0.020376	-0.00364714	0.0545933	img_PX4_1__0_1773041204030960000.png
PX4_2	1773041201549	0	0	0.573961	3.57628e-07	0	0	-1	img_PX4_2__0_1773041204069124100.png
PX4_3	1773041201585	0	0	0.573961	0.707107	0	0	-0.707107	img_PX4_3__0_1773041204107095600.png
PX4_4	1773041201627	0	0	0.573961	0.707107	0	0	0.707107	img_PX4_4__0_1773041204146718200.png
PX4_1	1773041201657	23.5777	7.53738	-8.98158	0.998282	0.0209917	-0.00376797	0.0545764	img_PX4_1__0_1773041204179060400.png
PX4_2	1773041201693	0	0	0.573961	3.57628e-07	0	0	-1	img_PX4_2__0_1773041204212785300.png
PX4_3	1773041201723	0	0	0.573961	0.707107	0	0	-0.707107	img_PX4_3__0_1773041204244663800.png
PX4_4	1773041201759	0	0	0.573961	0.707107	0	0	0.707107	img_PX4_4__0_1773041204279884600.png
PX4_1	1773041201789	23.5784	7.53797	-8.98086	0.998274	0.0214081	-0.00389333	0.0545541	img_PX4_1__0_1773041204310141500.png
PX4_2	1773041201825	0	0	0.573961	3.57628e-07	0	0	-1	img_PX4_2__0_1773041204346792900.png
PX4_3	1773041201861	0	0	0.573961	0.707107	0	0	-0.707107	img_PX4_3__0_1773041204380649900.png
PX4_4	1773041201894	0	0	0.573961	0.707107	0	0	0.707107	img_PX4_4__0_1773041204415064900.png
PX4_1	1773041201924	23.5792	7.53883	-8.9794	0.998271	0.0216578	-0.00409336	0.0544883	img_PX4_1__0_1773041204446327200.png
PX4_2	1773041201960	0	0	0.573961	3.57628e-07	0	0	-1	img_PX4_2__0_1773041204482139200.png
PX4_3	1773041201999	0	0	0.573961	0.707107	0	0	-0.707107	img_PX4_3__0_1773041204518118300.png
PX4_4	1773041202032	0	0	0.573961	0.707107	0	0	0.707107	img_PX4_4__0_1773041204553559800.png
PX4_1	1773041202062	23.5786	7.53816	-8.98057	0.998265	0.0220047	-0.00428734	0.0544538	img_PX4_1__0_1773041204583419000.png
PX4_2	1773041202098	0	0	0.573961	3.57628e-07	0	0	-1	img_PX4_2__0_1773041204617961900.png
PX4_3	1773041202131	0	0	0.573961	0.707107	0	0	-0.707107	img_PX4_3__0_1773041204652790700.png
PX4_4	1773041202167	0	0	0.573961	0.707107	0	0	0.707107	img_PX4_4__0_1773041204688052400.png
PX4_1	1773041202197	23.5787	7.53822	-8.98046	0.998252	0.0224122	-0.0044205	0.0545071	img_PX4_1__0_1773041204717072600.png
PX4_2	1773041202233	0	0	0.573961	3.57628e-07	0	0	-1	img_PX4_2__0_1773041204754437600.png
PX4_3	1773041202269	0	0	0.573961	0.707107	0	0	-0.707107	img_PX4_3__0_1773041204788833100.png
PX4_4	1773041202302	0	0	0.573961	0.707107	0	0	0.707107	img_PX4_4__0_1773041204823064500.png
PX4_1	1773041202335	23.5802	7.53968	-8.97807	0.998234	0.02284	-0.00454187	0.0546545	img_PX4_1__0_1773041204854719300.png
PX4_2	1773041202371	0	0	0.573961	3.57628e-07	0	0	-1	img_PX4_2__0_1773041204891842200.png
PX4_3	1773041202407	0	0	0.573961	0.707107	0	0	-0.707107	img_PX4_3__0_1773041204927888700.png
PX4_4	1773041202440	0	0	0.573961	0.707107	0	0	0.707107	img_PX4_4__0_1773041204962582400.png
PX4_1	1773041202476	23.5788	7.53834	-8.98028	0.99821	0.0232886	-0.00462056	0.0548912	img_PX4_1__0_1773041204995882200.png
PX4_2	1773041202512	0	0	0.573961	3.57628e-07	0	0	-1	img_PX4_2__0_1773041205032940700.png
PX4_3	1773041202548	0	0	0.573961	0.707107	0	0	-0.707107	img_PX4_3__0_1773041205068411400.png
PX4_4	1773041202587	0	0	0.573961	0.707107	0	0	0.707107	img_PX4_4__0_1773041205108684000.png
PX4_1	1773041202620	23.5789	7.53839	-8.9802	0.998183	0.0237107	-0.00461123	0.0552104	img_PX4_1__0_1773041205142306500.png
PX4_2	1773041202665	0	0	0.573961	3.57628e-07	0	0	-1	img_PX4_2__0_1773041205185217400.png
PX4_3	1773041202704	0	0	0.573961	0.707107	0	0	-0.707107	img_PX4_3__0_1773041205223945400.png
PX4_4	1773041202743	0	0	0.573961	0.707107	0	0	0.707107	img_PX4_4__0_1773041205262854500.png
PX4_1	1773041202776	23.5791	7.53847	-8.98027	0.998149	0.0241517	-0.00454363	0.0556291	img_PX4_1__0_1773041205296297900.png
PX4_2	1773041202815	0	0	0.573961	3.57628e-07	0	0	-1	img_PX4_2__0_1773041205336057400.png
PX4_3	1773041202851	0	0	0.573961	0.707107	0	0	-0.707107	img_PX4_3__0_1773041205372169800.png
PX4_4	1773041202887	0	0	0.573961	0.707107	0	0	0.707107	img_PX4_4__0_1773041205406875800.png
PX4_1	1773041202917	23.5822	7.54116	-8.97627	0.998116	0.024451	-0.00447534	0.0560909	img_PX4_1__0_1773041205437547700.png
PX4_2	1773041202953	0	0	0.573961	3.57628e-07	0	0	-1	img_PX4_2__0_1773041205474925000.png
PX4_3	1773041202989	0	0	0.573961	0.707107	0	0	-0.707107	img_PX4_3__0_1773041205510256300.png
PX4_4	1773041203025	0	0	0.573961	0.707107	0	0	0.707107	img_PX4_4__0_1773041205545640300.png
PX4_1	1773041203055	23.5955	7.55099	-8.96515	0.998079	0.0248317	-0.00417174	0.0566025	img_PX4_1__0_1773041205576298500.png
PX4_2	1773041203094	0	0	0.573961	3.57628e-07	0	0	-1	img_PX4_2__0_1773041205614474100.png
PX4_3	1773041203127	0	0	0.573961	0.707107	0	0	-0.707107	img_PX4_3__0_1773041205649630200.png
PX4_4	1773041203163	0	0	0.573961	0.707107	0	0	0.707107	img_PX4_4__0_1773041205684075900.png
PX4_1	1773041203193	23.5977	7.55266	-8.96325	0.998389	0	0	0.0567439	img_PX4_1__0_1773041205713963900.png
PX4_2	1773041203229	0	0	0.573961	3.57628e-07	0	0	-1	img_PX4_2__0_1773041205749441600.png
PX4_3	1773041203262	0	0	0.573961	0.707107	0	0	-0.707107	img_PX4_3__0_1773041205783660900.png
PX4_4	1773041203298	0	0	0.573961	0.707107	0	0	0.707107	img_PX4_4__0_1773041205818222100.png
PX4_1	1773041203328	23.5977	7.55266	-8.96325	0.998389	0	0	0.0567439	img_PX4_1__0_1773041205849560900.png
PX4_2	1773041203367	0	0	0.573961	3.57628e-07	0	0	-1	img_PX4_2__0_1773041205889346000.png
PX4_3	1773041203418	0	0	0.573961	0.707107	0	0	-0.707107	img_PX4_3__0_1773041205938202700.png
PX4_4	1773041203454	0	0	0.573961	0.707107	0	0	0.707107	img_PX4_4__0_1773041205975494100.png
PX4_1	1773041203487	23.5977	7.55266	-8.96325	0.998389	0	0	0.0567439	img_PX4_1__0_1773041206007709200.png
PX4_2	1773041203529	0	0	0.573961	3.57628e-07	0	0	-1	img_PX4_2__0_1773041206049906700.png
PX4_3	1773041203571	0	0	0.573961	0.707107	0	0	-0.707107	img_PX4_3__0_1773041206092137500.png
PX4_4	1773041203613	0	0	0.573961	0.707107	0	0	0.707107	img_PX4_4__0_1773041206133467000.png
PX4_1	1773041203649	23.5977	7.55266	-8.96325	0.998389	0	0	0.0567439	img_PX4_1__0_1773041206170508500.png
PX4_2	1773041203691	0	0	0.573961	3.57628e-07	0	0	-1	img_PX4_2__0_1773041206212988600.png
PX4_3	1773041203727	0	0	0.573961	0.707107	0	0	-0.707107	img_PX4_3__0_1773041206250119400.png
PX4_4	1773041203766	0	0	0.573961	0.707107	0	0	0.707107	img_PX4_4__0_1773041206286470000.png
PX4_1	1773041203796	23.5977	7.55266	-8.96325	0.998389	0	0	0.0567439	img_PX4_1__0_1773041206317609000.png
PX4_2	1773041203835	0	0	0.573961	3.57628e-07	0	0	-1	img_PX4_2__0_1773041206355471300.png
PX4_3	1773041203871	0	0	0.573961	0.707107	0	0	-0.707107	img_PX4_3__0_1773041206392886300.png
PX4_4	1773041203910	0	0	0.573961	0.707107	0	0	0.707107	img_PX4_4__0_1773041206432197400.png
PX4_1	1773041203943	23.5977	7.55266	-8.96325	0.998389	0	0	0.0567439	img_PX4_1__0_1773041206464028400.png
PX4_2	1773041203982	0	0	0.573961	3.57628e-07	0	0	-1	img_PX4_2__0_1773041206503327100.png
PX4_3	1773041204021	0	0	0.573961	0.707107	0	0	-0.707107	img_PX4_3__0_1773041206541539300.png
PX4_4	1773041204057	0	0	0.573961	0.707107	0	0	0.707107	img_PX4_4__0_1773041206578142000.png
PX4_1	1773041204090	23.5977	7.55266	-8.96325	0.998389	0	0	0.0567439	img_PX4_1__0_1773041206611198300.png
PX4_2	1773041204129	0	0	0.573961	3.57628e-07	0	0	-1	img_PX4_2__0_1773041206649919400.png
PX4_3	1773041204165	0	0	0.573961	0.707107	0	0	-0.707107	img_PX4_3__0_1773041206686644300.png
PX4_4	1773041204201	0	0	0.573961	0.707107	0	0	0.707107	img_PX4_4__0_1773041206723121700.png
PX4_1	1773041204234	23.5977	7.55266	-8.96325	0.998389	0	0	0.0567439	img_PX4_1__0_1773041206754902200.png
PX4_2	1773041204273	0	0	0.573961	3.57628e-07	0	0	-1	img_PX4_2__0_1773041206793532600.png
PX4_3	1773041204309	0	0	0.573961	0.707107	0	0	-0.707107	img_PX4_3__0_1773041206831963400.png
PX4_4	1773041204348	0	0	0.573961	0.707107	0	0	0.707107	img_PX4_4__0_1773041206871205000.png
PX4_1	1773041204381	23.5977	7.55266	-8.96325	0.998389	0	0	0.0567439	img_PX4_1__0_1773041206904257100.png
PX4_2	1773041204420	0	0	0.573961	3.57628e-07	0	0	-1	img_PX4_2__0_1773041206943134100.png
PX4_3	1773041204462	0	0	0.573961	0.707107	0	0	-0.707107	img_PX4_3__0_1773041206983104700.png
PX4_4	1773041204501	0	0	0.573961	0.707107	0	0	0.707107	img_PX4_4__0_1773041207022636200.png
PX4_1	1773041204537	23.5977	7.55266	-8.96325	0.998389	0	0	0.0567439	img_PX4_1__0_1773041207057762700.png
PX4_2	1773041204576	0	0	0.573961	3.57628e-07	0	0	-1	img_PX4_2__0_1773041207096946800.png
PX4_3	1773041204618	0	0	0.573961	0.707107	0	0	-0.707107	img_PX4_3__0_1773041207138462900.png
PX4_4	1773041204660	0	0	0.573961	0.707107	0	0	0.707107	img_PX4_4__0_1773041207182196800.png
PX4_1	1773041204696	23.5977	7.55266	-8.96325	0.998389	0	0	0.0567439	img_PX4_1__0_1773041207216809900.png
PX4_2	1773041204735	0	0	0.573961	3.57628e-07	0	0	-1	img_PX4_2__0_1773041207256263300.png
PX4_3	1773041204774	0	0	0.573961	0.707107	0	0	-0.707107	img_PX4_3__0_1773041207295262300.png
PX4_4	1773041204810	0	0	0.573961	0.707107	0	0	0.707107	img_PX4_4__0_1773041207331059700.png
PX4_1	1773041204840	23.5977	7.55266	-8.96325	0.998389	0	0	0.0567439	img_PX4_1__0_1773041207362129800.png
PX4_2	1773041204882	0	0	0.573961	3.57628e-07	0	0	-1	img_PX4_2__0_1773041207403176200.png
PX4_3	1773041204918	0	0	0.573961	0.707107	0	0	-0.707107	img_PX4_3__0_1773041207441199200.png
PX4_4	1773041204957	0	0	0.573961	0.707107	0	0	0.707107	img_PX4_4__0_1773041207478162800.png
PX4_1	1773041204987	23.5977	7.55266	-8.96325	0.998389	0	0	0.0567439	img_PX4_1__0_1773041207508747800.png
PX4_2	1773041205026	0	0	0.573961	3.57628e-07	0	0	-1	img_PX4_2__0_1773041207547448100.png
PX4_3	1773041205059	0	0	0.573961	0.707107	0	0	-0.707107	img_PX4_3__0_1773041207582237300.png
PX4_4	1773041205095	0	0	0.573961	0.707107	0	0	0.707107	img_PX4_4__0_1773041207617107000.png
PX4_1	1773041205128	23.5977	7.55266	-8.96325	0.998389	0	0	0.0567439	img_PX4_1__0_1773041207649797500.png
PX4_2	1773041205164	0	0	0.573961	3.57628e-07	0	0	-1	img_PX4_2__0_1773041207684769600.png
PX4_3	1773041205200	0	0	0.573961	0.707107	0	0	-0.707107	img_PX4_3__0_1773041207722586100.png
PX4_4	1773041205236	0	0	0.573961	0.707107	0	0	0.707107	img_PX4_4__0_1773041207757345000.png
PX4_1	1773041205266	23.5977	7.55266	-8.96325	0.998389	0	0	0.0567439	img_PX4_1__0_1773041207789446800.png
PX4_2	1773041205305	0	0	0.573961	3.57628e-07	0	0	-1	img_PX4_2__0_1773041207827830500.png
PX4_3	1773041205344	0	0	0.573961	0.707107	0	0	-0.707107	img_PX4_3__0_1773041207865003000.png
PX4_4	1773041205380	0	0	0.573961	0.707107	0	0	0.707107	img_PX4_4__0_1773041207900935500.png
PX4_1	1773041205410	23.5977	7.55266	-8.96325	0.998389	0	0	0.0567439	img_PX4_1__0_1773041207932809300.png
PX4_2	1773041205446	0	0	0.573961	3.57628e-07	0	0	-1	img_PX4_2__0_1773041207969110800.png
PX4_3	1773041205485	0	0	0.573961	0.707107	0	0	-0.707107	img_PX4_3__0_1773041208006011600.png
PX4_4	1773041205521	0	0	0.573961	0.707107	0	0	0.707107	img_PX4_4__0_1773041208041998000.png
PX4_1	1773041205551	23.5977	7.55266	-8.96325	0.998389	0	0	0.0567439	img_PX4_1__0_1773041208073950500.png
PX4_2	1773041205590	0	0	0.573961	3.57628e-07	0	0	-1	img_PX4_2__0_1773041208112219700.png
PX4_3	1773041205626	0	0	0.573961	0.707107	0	0	-0.707107	img_PX4_3__0_1773041208148524900.png
PX4_4	1773041205665	0	0	0.573961	0.707107	0	0	0.707107	img_PX4_4__0_1773041208187755200.png
PX4_1	1773041205698	23.5977	7.55266	-8.96325	0.998389	0	0	0.0567439	img_PX4_1__0_1773041208219643800.png
PX4_2	1773041205734	0	0	0.573961	3.57628e-07	0	0	-1	img_PX4_2__0_1773041208255312500.png
PX4_3	1773041205767	0	0	0.573961	0.707107	0	0	-0.707107	img_PX4_3__0_1773041208289496100.png
PX4_4	1773041205803	0	0	0.573961	0.707107	0	0	0.707107	img_PX4_4__0_1773041208325701800.png
PX4_1	1773041205833	23.5977	7.55266	-8.96325	0.998389	0	0	0.0567439	img_PX4_1__0_1773041208354973800.png
PX4_2	1773041205869	0	0	0.573961	3.57628e-07	0	0	-1	img_PX4_2__0_1773041208391332400.png
PX4_3	1773041205902	0	0	0.573961	0.707107	0	0	-0.707107	img_PX4_3__0_1773041208425535500.png
PX4_4	1773041205938	0	0	0.573961	0.707107	0	0	0.707107	img_PX4_4__0_1773041208459957300.png
PX4_1	1773041205968	23.5977	7.55266	-8.96325	0.998389	0	0	0.0567439	img_PX4_1__0_1773041208491332100.png
PX4_2	1773041206007	0	0	0.573961	3.57628e-07	0	0	-1	img_PX4_2__0_1773041208529155800.png
PX4_3	1773041206043	0	0	0.573961	0.707107	0	0	-0.707107	img_PX4_3__0_1773041208563964400.png
PX4_4	1773041206079	0	0	0.573961	0.707107	0	0	0.707107	img_PX4_4__0_1773041208600083700.png
PX4_1	1773041206109	23.5977	7.55266	-8.96325	0.998389	0	0	0.0567439	img_PX4_1__0_1773041208630916300.png
PX4_2	1773041206148	0	0	0.573961	3.57628e-07	0	0	-1	img_PX4_2__0_1773041208669656400.png
PX4_3	1773041206181	0	0	0.573961	0.707107	0	0	-0.707107	img_PX4_3__0_1773041208704072700.png
PX4_4	1773041206214	0	0	0.573961	0.707107	0	0	0.707107	img_PX4_4__0_1773041208737592400.png
PX4_1	1773041206244	23.5977	7.55266	-8.96325	0.998389	0	0	0.0567439	img_PX4_1__0_1773041208767101700.png
PX4_2	1773041206283	0	0	0.573961	3.57628e-07	0	0	-1	img_PX4_2__0_1773041208804490600.png
PX4_3	1773041206319	0	0	0.573961	0.707107	0	0	-0.707107	img_PX4_3__0_1773041208840556100.png
PX4_4	1773041206355	0	0	0.573961	0.707107	0	0	0.707107	img_PX4_4__0_1773041208876127900.png
PX4_1	1773041206388	23.5977	7.55266	-8.96325	0.998389	0	0	0.0567439	img_PX4_1__0_1773041208909079200.png
PX4_2	1773041206424	0	0	0.573961	3.57628e-07	0	0	-1	img_PX4_2__0_1773041208945687900.png
PX4_3	1773041206460	0	0	0.573961	0.707107	0	0	-0.707107	img_PX4_3__0_1773041208981466900.png
PX4_4	1773041206496	0	0	0.573961	0.707107	0	0	0.707107	img_PX4_4__0_1773041209018805300.png
PX4_1	1773041206526	23.5977	7.55266	-8.96325	0.998389	0	0	0.0567439	img_PX4_1__0_1773041209049808300.png
PX4_2	1773041206568	0	0	0.573961	3.57628e-07	0	0	-1	img_PX4_2__0_1773041209089244900.png
PX4_3	1773041206607	0	0	0.573961	0.707107	0	0	-0.707107	img_PX4_3__0_1773041209128580000.png
PX4_4	1773041206649	0	0	0.573961	0.707107	0	0	0.707107	img_PX4_4__0_1773041209171028300.png
PX4_1	1773041206685	23.5977	7.55266	-8.96325	0.998389	0	0	0.0567439	img_PX4_1__0_1773041209206846900.png
PX4_2	1773041206724	0	0	0.573961	3.57628e-07	0	0	-1	img_PX4_2__0_1773041209245108000.png
PX4_3	1773041206763	0	0	0.573961	0.707107	0	0	-0.707107	img_PX4_3__0_1773041209285784300.png
PX4_4	1773041206802	0	0	0.573961	0.707107	0	0	0.707107	img_PX4_4__0_1773041209323367700.png
PX4_1	1773041206832	23.5977	7.55266	-8.96325	0.998389	0	0	0.0567439	img_PX4_1__0_1773041209355621900.png
PX4_2	1773041206877	0	0	0.573961	3.57628e-07	0	0	-1	img_PX4_2__0_1773041209398901000.png
PX4_3	1773041206916	0	0	0.573961	0.707107	0	0	-0.707107	img_PX4_3__0_1773041209439671800.png
PX4_4	1773041206958	0	0	0.573961	0.707107	0	0	0.707107	img_PX4_4__0_1773041209481508300.png
PX4_1	1773041206991	23.5977	7.55266	-8.96325	0.998389	0	0	0.0567439	img_PX4_1__0_1773041209514923200.png
PX4_2	1773041207033	0	0	0.573961	3.57628e-07	0	0	-1	img_PX4_2__0_1773041209554977600.png
PX4_3	1773041207069	0	0	0.573961	0.707107	0	0	-0.707107	img_PX4_3__0_1773041209591528700.png
PX4_4	1773041207105	0	0	0.573961	0.707107	0	0	0.707107	img_PX4_4__0_1773041209628172100.png
PX4_1	1773041207138	23.5977	7.55266	-8.96325	0.998389	0	0	0.0567439	img_PX4_1__0_1773041209661214900.png
PX4_2	1773041207177	0	0	0.573961	3.57628e-07	0	0	-1	img_PX4_2__0_1773041209699381400.png
PX4_3	1773041207213	0	0	0.573961	0.707107	0	0	-0.707107	img_PX4_3__0_1773041209736376900.png
PX4_4	1773041207252	0	0	0.573961	0.707107	0	0	0.707107	img_PX4_4__0_1773041209775241800.png
PX4_1	1773041207285	23.5977	7.55266	-8.96325	0.998389	0	0	0.0567439	img_PX4_1__0_1773041209808277300.png
PX4_2	1773041207327	0	0	0.573961	3.57628e-07	0	0	-1	img_PX4_2__0_1773041209849213200.png
PX4_3	1773041207363	0	0	0.573961	0.707107	0	0	-0.707107	img_PX4_3__0_1773041209886281400.png
PX4_4	1773041207399	0	0	0.573961	0.707107	0	0	0.707107	img_PX4_4__0_1773041209922961600.png
PX4_1	1773041207432	23.5977	7.55266	-8.96325	0.998389	0	0	0.0567439	img_PX4_1__0_1773041209955012500.png
PX4_2	1773041207471	0	0	0.573961	3.57628e-07	0	0	-1	img_PX4_2__0_1773041209992303000.png
PX4_3	1773041207507	0	0	0.573961	0.707107	0	0	-0.707107	img_PX4_3__0_1773041210028753600.png
PX4_4	1773041207546	0	0	0.573961	0.707107	0	0	0.707107	img_PX4_4__0_1773041210067508700.png
PX4_1	1773041207582	23.5977	7.55266	-8.96325	0.998389	0	0	0.0567439	img_PX4_1__0_1773041210105029500.png
PX4_2	1773041207621	0	0	0.573961	3.57628e-07	0	0	-1	img_PX4_2__0_1773041210144497500.png
PX4_3	1773041207663	0	0	0.573961	0.707107	0	0	-0.707107	img_PX4_3__0_1773041210184425200.png
PX4_4	1773041207699	0	0	0.573961	0.707107	0	0	0.707107	img_PX4_4__0_1773041210222751200.png
PX4_1	1773041207732	23.5977	7.55266	-8.96325	0.998389	0	0	0.0567439	img_PX4_1__0_1773041210255066800.png
